 disr    860     msec    nw      nh      vde       0  65  65
 0.700000000E+00 0.128000000E+01 0.100000000E+01 0.640000000E+00 0.000000000E+00
 0.869861603E+00-0.697811355E-05 0.128210265E+01 0.127900365E+01 0.300000000E+01
 0.228642535E+05 0.128210265E+01 0.000000000E+00 0.869861603E+00 0.000000000E+00
-0.697811355E-05 0.000000000E+00 0.127900365E+01 0.000000000E+00 0.000000000E+00
 0.300038715E+01 0.300037372E+01 0.300036080E+01 0.300034835E+01 0.300033629E+01
 0.300032458E+01 0.300031319E+01 0.300030209E+01 0.300029128E+01 0.300028074E+01
 0.300027045E+01 0.300026040E+01 0.300025060E+01 0.300024103E+01 0.300023168E+01
 0.300022255E+01 0.300021364E+01 0.300020494E+01 0.300019645E+01 0.300018816E+01
 0.300018008E+01 0.300017219E+01 0.300016449E+01 0.300015699E+01 0.300014967E+01
 0.300014255E+01 0.300013561E+01 0.300012885E+01 0.300012228E+01 0.300011588E+01
 0.300010966E+01 0.300010362E+01 0.300009775E+01 0.300009205E+01 0.300008652E+01
 0.300008116E+01 0.300007597E+01 0.300007094E+01 0.300006607E+01 0.300006136E+01
 0.300005682E+01 0.300005243E+01 0.300004820E+01 0.300004413E+01 0.300004022E+01
 0.300003646E+01 0.300003287E+01 0.300002944E+01 0.300002618E+01 0.300002308E+01
 0.300002016E+01 0.300001740E+01 0.300001483E+01 0.300001243E+01 0.300001023E+01
 0.300000822E+01 0.300000642E+01 0.300000483E+01 0.300000349E+01 0.300000238E+01
 0.300000150E+01 0.300000088E+01 0.300000046E+01 0.300000018E+01 0.300000000E+01
 0.502140401E+02 0.496882865E+02 0.491485101E+02 0.485976668E+02 0.480371583E+02
 0.474677861E+02 0.468900714E+02 0.463043998E+02 0.457110651E+02 0.451102856E+02
 0.445022258E+02 0.438869985E+02 0.432646697E+02 0.426352843E+02 0.419988755E+02
 0.413554553E+02 0.407050075E+02 0.400475078E+02 0.393829176E+02 0.387111798E+02
 0.380322082E+02 0.373459136E+02 0.366522064E+02 0.359509452E+02 0.352420011E+02
 0.345252225E+02 0.338004290E+02 0.330674659E+02 0.323260965E+02 0.315761335E+02
 0.308173346E+02 0.300494879E+02 0.292723405E+02 0.284856763E+02 0.276892647E+02
 0.268829618E+02 0.260666247E+02 0.252402812E+02 0.244039991E+02 0.235580582E+02
 0.227030078E+02 0.218393595E+02 0.209680807E+02 0.200899006E+02 0.192055903E+02
 0.183160957E+02 0.174214905E+02 0.165219604E+02 0.156178426E+02 0.147089733E+02
 0.137956062E+02 0.128810296E+02 0.119668265E+02 0.110557279E+02 0.101522772E+02
 0.925710488E+01 0.836456173E+01 0.747383880E+01 0.657888380E+01 0.564650019E+01
 0.467191706E+01 0.378080261E+01 0.304022335E+01 0.251399683E+01 0.226288464E+01
 0.890889579E+00 0.840536286E+00 0.807528130E+00 0.780690821E+00 0.757250651E+00
 0.736016813E+00 0.716366403E+00 0.697961736E+00 0.680534065E+00 0.663888619E+00
 0.647896150E+00 0.632440671E+00 0.617447852E+00 0.602876791E+00 0.588684000E+00
 0.574764702E+00 0.561152713E+00 0.547825497E+00 0.534742413E+00 0.521827264E+00
 0.509143470E+00 0.496659301E+00 0.484299411E+00 0.472140348E+00 0.460109328E+00
 0.448218696E+00 0.436502051E+00 0.424857581E+00 0.413391644E+00 0.402006680E+00
 0.390775414E+00 0.379648191E+00 0.368650841E+00 0.357765348E+00 0.347002704E+00
 0.336357895E+00 0.325831023E+00 0.315417660E+00 0.305108096E+00 0.294889919E+00
 0.284752622E+00 0.274644781E+00 0.264615418E+00 0.254481298E+00 0.244464348E+00
 0.234150284E+00 0.223920894E+00 0.213462295E+00 0.202927669E+00 0.192300557E+00
 0.181307371E+00 0.170423578E+00 0.158767475E+00 0.147117842E+00 0.134893304E+00
 0.121878721E+00 0.108981923E+00 0.945781433E-01 0.801394307E-01 0.647490502E-01
 0.473229111E-01 0.300413948E-01 0.183489218E-01 0.913805258E-02-0.000000000E+00
 0.109595097E+05 0.112720051E+05 0.115278276E+05 0.117436227E+05 0.119378874E+05
 0.121188619E+05 0.122908852E+05 0.124555962E+05 0.126148912E+05 0.127702963E+05
 0.129227204E+05 0.130733571E+05 0.132228229E+05 0.133711807E+05 0.135187016E+05
 0.136677596E+05 0.138167450E+05 0.139656822E+05 0.141153289E+05 0.142683266E+05
 0.144218031E+05 0.145764613E+05 0.147358632E+05 0.148958951E+05 0.150600885E+05
 0.152280704E+05 0.153968225E+05 0.155743280E+05 0.157517674E+05 0.159378759E+05
 0.161256887E+05 0.163201353E+05 0.165185171E+05 0.167224017E+05 0.169298150E+05
 0.171405433E+05 0.173519201E+05 0.175638688E+05 0.177701503E+05 0.179703329E+05
 0.181589741E+05 0.183276765E+05 0.184884118E+05 0.186172073E+05 0.187445137E+05
 0.188470690E+05 0.189468261E+05 0.190482660E+05 0.191501495E+05 0.192414387E+05
 0.193093824E+05 0.193766499E+05 0.192871636E+05 0.191798624E+05 0.190434599E+05
 0.188685953E+05 0.186953133E+05 0.188449247E+05 0.190250822E+05 0.192476115E+05
 0.195566880E+05 0.198631994E+05 0.147717705E+05 0.735657481E+04-0.000000000E+00
 0.119508505E+01 0.119752027E+01 0.120072949E+01 0.120501458E+01 0.121063741E+01
 0.121614880E+01 0.121767436E+01 0.122281049E+01 0.122488414E+01 0.122435371E+01
 0.122755897E+01 0.122773868E+01 0.122487418E+01 0.122559639E+01 0.122127730E+01
 0.121687123E+01 0.121365667E+01 0.121142722E+01 0.121004725E+01 0.120942829E+01
 0.120950548E+01 0.121023331E+01 0.121157141E+01 0.121348223E+01 0.121593527E+01
 0.121891410E+01 0.122241544E+01 0.122644023E+01 0.123098814E+01 0.123605444E+01
 0.124163844E+01 0.124773094E+01 0.125432443E+01 0.126139864E+01 0.126895326E+01
 0.127699600E+01 0.128553889E+01 0.129457857E+01 0.130410160E+01 0.131408091E+01
 0.132445438E+01 0.133512559E+01 0.134592319E+01 0.135659856E+01 0.136679223E+01
 0.137607634E+01 0.138407362E+01 0.139060436E+01 0.139557733E+01 0.139884586E+01
 0.140025139E+01 0.139975736E+01 0.139736576E+01 0.139298213E+01 0.138648796E+01
 0.137788176E+01 0.136721519E+01 0.135446442E+01 0.133963503E+01 0.132293366E+01
 0.130473247E+01 0.128536243E+01 0.126504401E+01 0.124405475E+01 0.122353373E+01
 0.121783546E+01 0.121891589E+01 0.122185831E+01 0.122637458E+01 0.123382894E+01
 0.123808096E+01 0.124015438E+01 0.124519410E+01 0.124729270E+01 0.124692792E+01
 0.124961934E+01 0.124942562E+01 0.124631121E+01 0.124603265E+01 0.124275414E+01
 0.123571264E+01 0.123150540E+01 0.122835597E+01 0.122612415E+01 0.122471973E+01
 0.122407056E+01 0.122412424E+01 0.122483647E+01 0.122616251E+01 0.122795832E+01
 0.123019842E+01 0.123297424E+01 0.123627658E+01 0.124008813E+01 0.124439607E+01
 0.124918906E+01 0.125446572E+01 0.126021304E+01 0.126630838E+01 0.127265264E+01
 0.127939696E+01 0.128655167E+01 0.129407699E+01 0.130193498E+01 0.131006750E+01
 0.131840602E+01 0.132684565E+01 0.133513245E+01 0.134293063E+01 0.135021747E+01
 0.135682082E+01 0.136251922E+01 0.136711235E+01 0.137043123E+01 0.137234066E+01
 0.137275172E+01 0.137160104E+01 0.136882236E+01 0.136435798E+01 0.135816104E+01
 0.135021241E+01 0.134051508E+01 0.132909126E+01 0.131599875E+01 0.130133363E+01
 0.128521920E+01 0.126776519E+01 0.124900904E+01 0.122868865E+01 0.120639797E+01
 0.123280681E+01 0.123486940E+01 0.123829883E+01 0.124300803E+01 0.124861195E+01
 0.125344591E+01 0.125682285E+01 0.126019541E+01 0.126240930E+01 0.126334557E+01
 0.126427832E+01 0.126368501E+01 0.126188372E+01 0.125978647E+01 0.125563027E+01
 0.125038152E+01 0.124578101E+01 0.124213113E+01 0.123938435E+01 0.123746290E+01
 0.123629845E+01 0.123583661E+01 0.123603727E+01 0.123698194E+01 0.123821890E+01
 0.123973655E+01 0.124189460E+01 0.124455961E+01 0.124769713E+01 0.125128872E+01
 0.125531855E+01 0.125978381E+01 0.126469006E+01 0.126996156E+01 0.127508591E+01
 0.128066608E+01 0.128656648E+01 0.129273091E+01 0.129910421E+01 0.130562511E+01
 0.131222656E+01 0.131884007E+01 0.132533596E+01 0.133091168E+01 0.133616411E+01
 0.134086711E+01 0.134484865E+01 0.134804524E+01 0.135006768E+01 0.135087432E+01
 0.135048320E+01 0.134882627E+01 0.134582030E+01 0.134140041E+01 0.133551775E+01
 0.132815061E+01 0.131930699E+01 0.130900269E+01 0.129726329E+01 0.128412562E+01
 0.126963201E+01 0.125381861E+01 0.123674740E+01 0.121868103E+01 0.120082010E+01
 0.124287973E+01 0.124654932E+01 0.125063656E+01 0.125561949E+01 0.126321222E+01
 0.126742008E+01 0.126934753E+01 0.127416160E+01 0.127597859E+01 0.127529043E+01
 0.127760852E+01 0.127700745E+01 0.127344801E+01 0.127268685E+01 0.126890000E+01
 0.126132269E+01 0.125654556E+01 0.125275757E+01 0.124980315E+01 0.124762318E+01
 0.124616038E+01 0.124535214E+01 0.124513821E+01 0.124546432E+01 0.124627498E+01
 0.124753906E+01 0.124924565E+01 0.125137920E+01 0.125392838E+01 0.125686723E+01
 0.126017374E+01 0.126382443E+01 0.126778151E+01 0.127199621E+01 0.127643278E+01
 0.128107781E+01 0.128591489E+01 0.129090475E+01 0.129599822E+01 0.130113763E+01
 0.130623949E+01 0.131121109E+01 0.131592829E+01 0.132027511E+01 0.132415997E+01
 0.132750117E+01 0.133019952E+01 0.133214549E+01 0.133322783E+01 0.133334937E+01
 0.133245618E+01 0.133050385E+01 0.132744799E+01 0.132322783E+01 0.131766781E+01
 0.131080210E+01 0.130271487E+01 0.129340156E+01 0.128285079E+01 0.127106207E+01
 0.125802403E+01 0.124371656E+01 0.122806475E+01 0.121073024E+01 0.119126051E+01
 0.125364524E+01 0.125669150E+01 0.126014647E+01 0.126444527E+01 0.126990731E+01
 0.127513712E+01 0.127626634E+01 0.128090829E+01 0.128239617E+01 0.128119540E+01
 0.128364764E+01 0.128300052E+01 0.127923605E+01 0.127898615E+01 0.127363964E+01
 0.126814723E+01 0.126389033E+01 0.126035869E+01 0.125747791E+01 0.125531696E+01
 0.125379901E+01 0.125285419E+01 0.125243462E+01 0.125249075E+01 0.125299528E+01
 0.125391478E+01 0.125522841E+01 0.125691397E+01 0.125895435E+01 0.126132456E+01
 0.126400438E+01 0.126696323E+01 0.127017396E+01 0.127360541E+01 0.127722589E+01
 0.128100068E+01 0.128490338E+01 0.128888891E+01 0.129291180E+01 0.129691547E+01
 0.130083277E+01 0.130458888E+01 0.130810299E+01 0.131129503E+01 0.131408071E+01
 0.131638296E+01 0.131812092E+01 0.131921619E+01 0.131959185E+01 0.131918484E+01
 0.131793653E+01 0.131580577E+01 0.131276276E+01 0.130886942E+01 0.130358258E+01
 0.129729035E+01 0.128998876E+01 0.128165297E+01 0.127226217E+01 0.126179991E+01
 0.125023717E+01 0.123753970E+01 0.122367687E+01 0.120879429E+01 0.119397370E+01
 0.126481026E+01 0.126530663E+01 0.126700455E+01 0.126964933E+01 0.127298893E+01
 0.127586131E+01 0.127772161E+01 0.127973654E+01 0.128094594E+01 0.128123704E+01
 0.128164640E+01 0.128092987E+01 0.127939172E+01 0.127781989E+01 0.127477638E+01
 0.127103020E+01 0.126771373E+01 0.126492618E+01 0.126263578E+01 0.126082877E+01
 0.125948841E+01 0.125859487E+01 0.125812541E+01 0.125805464E+01 0.125836006E+01
 0.125902391E+01 0.126002319E+01 0.126133986E+01 0.126295475E+01 0.126484872E+01
 0.126699462E+01 0.126937438E+01 0.127195578E+01 0.127471444E+01 0.127762000E+01
 0.128064180E+01 0.128374136E+01 0.128688354E+01 0.129002070E+01 0.129310590E+01
 0.129608375E+01 0.129889708E+01 0.130148049E+01 0.130377099E+01 0.130570520E+01
 0.130721706E+01 0.130824177E+01 0.130872282E+01 0.130859948E+01 0.130781700E+01
 0.130633289E+01 0.130410347E+01 0.130108734E+01 0.129724419E+01 0.129253641E+01
 0.128695346E+01 0.128049806E+01 0.127317116E+01 0.126496925E+01 0.125588319E+01
 0.124589596E+01 0.123496180E+01 0.122297429E+01 0.120951874E+01 0.119357837E+01
 0.127076557E+01 0.127033588E+01 0.127094572E+01 0.127215025E+01 0.127363918E+01
 0.127512755E+01 0.127643261E+01 0.127747939E+01 0.127818414E+01 0.127850250E+01
 0.127841897E+01 0.127789421E+01 0.127692042E+01 0.127552894E+01 0.127374072E+01
 0.127170869E+01 0.126965031E+01 0.126774099E+01 0.126607341E+01 0.126469741E+01
 0.126363419E+01 0.126289220E+01 0.126246928E+01 0.126236152E+01 0.126255493E+01
 0.126304018E+01 0.126380246E+01 0.126482749E+01 0.126609694E+01 0.126759360E+01
 0.126929975E+01 0.127118952E+01 0.127324545E+01 0.127543571E+01 0.127773782E+01
 0.128011956E+01 0.128254960E+01 0.128499129E+01 0.128740533E+01 0.128975390E+01
 0.129198561E+01 0.129405826E+01 0.129591933E+01 0.129751667E+01 0.129879900E+01
 0.129971826E+01 0.130022025E+01 0.130026011E+01 0.129979210E+01 0.129877465E+01
 0.129717003E+01 0.129494653E+01 0.129207073E+01 0.128852345E+01 0.128428531E+01
 0.127934738E+01 0.127371143E+01 0.126738327E+01 0.126037167E+01 0.125269316E+01
 0.124436827E+01 0.123542236E+01 0.122599419E+01 0.121628907E+01 0.120676631E+01
 0.127148503E+01 0.127233068E+01 0.127303685E+01 0.127376568E+01 0.127453485E+01
 0.127528679E+01 0.127596315E+01 0.127649267E+01 0.127683329E+01 0.127694047E+01
 0.127679461E+01 0.127637673E+01 0.127568410E+01 0.127472817E+01 0.127355240E+01
 0.127224382E+01 0.127090100E+01 0.126961235E+01 0.126844633E+01 0.126745099E+01
 0.126665869E+01 0.126608925E+01 0.126575534E+01 0.126565573E+01 0.126579145E+01
 0.126615540E+01 0.126673971E+01 0.126753736E+01 0.126852978E+01 0.126970497E+01
 0.127104725E+01 0.127253611E+01 0.127415030E+01 0.127586969E+01 0.127766822E+01
 0.127952090E+01 0.128139933E+01 0.128326987E+01 0.128509950E+01 0.128685733E+01
 0.128850058E+01 0.128999421E+01 0.129129301E+01 0.129236102E+01 0.129315388E+01
 0.129363451E+01 0.129375977E+01 0.129349711E+01 0.129280706E+01 0.129165986E+01
 0.129002942E+01 0.128788814E+01 0.128521932E+01 0.128200700E+01 0.127824607E+01
 0.127393352E+01 0.126907642E+01 0.126368954E+01 0.125780053E+01 0.125144347E+01
 0.124467304E+01 0.123757214E+01 0.123026374E+01 0.122291800E+01 0.121574648E+01
 0.127364165E+01 0.127448716E+01 0.127491628E+01 0.127521996E+01 0.127550061E+01
 0.127577446E+01 0.127601974E+01 0.127619716E+01 0.127628194E+01 0.127624428E+01
 0.127606577E+01 0.127575444E+01 0.127539533E+01 0.127471081E+01 0.127375406E+01
 0.127281825E+01 0.127188484E+01 0.127099243E+01 0.127017526E+01 0.126946713E+01
 0.126889603E+01 0.126848056E+01 0.126823497E+01 0.126816130E+01 0.126826623E+01
 0.126854846E+01 0.126900181E+01 0.126961879E+01 0.127039066E+01 0.127130711E+01
 0.127235251E+01 0.127351100E+01 0.127476691E+01 0.127609795E+01 0.127748713E+01
 0.127890635E+01 0.128033412E+01 0.128174323E+01 0.128310692E+01 0.128439466E+01
 0.128557498E+01 0.128661650E+01 0.128748606E+01 0.128815202E+01 0.128858136E+01
 0.128874324E+01 0.128860816E+01 0.128814150E+01 0.128732538E+01 0.128612934E+01
 0.128453804E+01 0.128253053E+01 0.128009825E+01 0.127723510E+01 0.127393656E+01
 0.127021056E+01 0.126607029E+01 0.126153402E+01 0.125663598E+01 0.125141788E+01
 0.124593784E+01 0.124026901E+01 0.123450945E+01 0.122876460E+01 0.122315873E+01
 0.127869560E+01 0.127766885E+01 0.127703184E+01 0.127666097E+01 0.127646437E+01
 0.127636201E+01 0.127630550E+01 0.127624776E+01 0.127616063E+01 0.127601779E+01
 0.127580469E+01 0.127551713E+01 0.127514656E+01 0.127464240E+01 0.127401876E+01
 0.127335710E+01 0.127269874E+01 0.127207019E+01 0.127149294E+01 0.127099249E+01
 0.127058637E+01 0.127029046E+01 0.127011564E+01 0.127007081E+01 0.127015769E+01
 0.127037987E+01 0.127073059E+01 0.127120962E+01 0.127180634E+01 0.127251302E+01
 0.127331897E+01 0.127420994E+01 0.127517182E+01 0.127618773E+01 0.127724159E+01
 0.127831321E+01 0.127938170E+01 0.128042098E+01 0.128141314E+01 0.128233107E+01
 0.128314939E+01 0.128384503E+01 0.128438791E+01 0.128475371E+01 0.128491772E+01
 0.128485499E+01 0.128454099E+01 0.128395430E+01 0.128307801E+01 0.128188867E+01
 0.128038024E+01 0.127853590E+01 0.127635133E+01 0.127382651E+01 0.127096406E+01
 0.126777156E+01 0.126426503E+01 0.126046885E+01 0.125641378E+01 0.125213810E+01
 0.124769350E+01 0.124314163E+01 0.123854724E+01 0.123399083E+01 0.122955339E+01
 0.128179102E+01 0.127952745E+01 0.127828600E+01 0.127755540E+01 0.127710321E+01
 0.127680926E+01 0.127659319E+01 0.127641466E+01 0.127623467E+01 0.127603014E+01
 0.127578813E+01 0.127549838E+01 0.127515584E+01 0.127475882E+01 0.127431787E+01
 0.127385455E+01 0.127338647E+01 0.127293964E+01 0.127253032E+01 0.127217336E+01
 0.127188589E+01 0.127167690E+01 0.127155665E+01 0.127153240E+01 0.127160679E+01
 0.127178027E+01 0.127205143E+01 0.127241819E+01 0.127287601E+01 0.127341598E+01
 0.127402953E+01 0.127470336E+01 0.127542985E+01 0.127619304E+01 0.127697878E+01
 0.127777000E+01 0.127854955E+01 0.127929920E+01 0.127999823E+01 0.128062871E+01
 0.128116855E+01 0.128159832E+01 0.128189827E+01 0.128204301E+01 0.128201726E+01
 0.128180040E+01 0.128137657E+01 0.128072481E+01 0.127983518E+01 0.127869178E+01
 0.127728910E+01 0.127562036E+01 0.127368080E+01 0.127147459E+01 0.126900676E+01
 0.126628658E+01 0.126333394E+01 0.126016738E+01 0.125681644E+01 0.125331370E+01
 0.124970047E+01 0.124602452E+01 0.124233835E+01 0.123869592E+01 0.123515777E+01
 0.127912637E+01 0.127856307E+01 0.127803547E+01 0.127760425E+01 0.127726640E+01
 0.127699821E+01 0.127677838E+01 0.127658187E+01 0.127638592E+01 0.127616949E+01
 0.127592301E+01 0.127564524E+01 0.127534303E+01 0.127501748E+01 0.127467799E+01
 0.127433032E+01 0.127398849E+01 0.127366418E+01 0.127336742E+01 0.127311150E+01
 0.127290547E+01 0.127275739E+01 0.127267522E+01 0.127266317E+01 0.127272368E+01
 0.127285694E+01 0.127306575E+01 0.127334371E+01 0.127368854E+01 0.127409286E+01
 0.127455175E+01 0.127505444E+01 0.127559266E+01 0.127615255E+01 0.127672359E+01
 0.127729192E+01 0.127784558E+01 0.127836544E+01 0.127883710E+01 0.127924587E+01
 0.127957449E+01 0.127980663E+01 0.127992359E+01 0.127991253E+01 0.127975448E+01
 0.127943891E+01 0.127894859E+01 0.127827481E+01 0.127740387E+01 0.127633162E+01
 0.127504819E+01 0.127355429E+01 0.127184689E+01 0.126993478E+01 0.126781741E+01
 0.126551281E+01 0.126303204E+01 0.126039598E+01 0.125763041E+01 0.125476153E+01
 0.125182225E+01 0.124884803E+01 0.124587918E+01 0.124295694E+01 0.124012170E+01
 0.127656744E+01 0.127724566E+01 0.127739091E+01 0.127731962E+01 0.127717411E+01
 0.127701653E+01 0.127687017E+01 0.127674244E+01 0.127661527E+01 0.127641293E+01
 0.127614212E+01 0.127586600E+01 0.127559193E+01 0.127531710E+01 0.127504445E+01
 0.127477610E+01 0.127451759E+01 0.127427461E+01 0.127405592E+01 0.127386923E+01
 0.127371881E+01 0.127361264E+01 0.127355468E+01 0.127354855E+01 0.127359405E+01
 0.127369461E+01 0.127385000E+01 0.127405604E+01 0.127430994E+01 0.127460728E+01
 0.127494282E+01 0.127530671E+01 0.127569495E+01 0.127609544E+01 0.127649865E+01
 0.127689140E+01 0.127726749E+01 0.127760828E+01 0.127790691E+01 0.127814694E+01
 0.127831528E+01 0.127839818E+01 0.127838637E+01 0.127826458E+01 0.127802064E+01
 0.127764445E+01 0.127712431E+01 0.127645611E+01 0.127562565E+01 0.127463505E+01
 0.127347765E+01 0.127215128E+01 0.127066043E+01 0.126900927E+01 0.126720476E+01
 0.126525727E+01 0.126317934E+01 0.126099139E+01 0.125871156E+01 0.125636376E+01
 0.125397364E+01 0.125157245E+01 0.124918355E+01 0.124684440E+01 0.124458323E+01
 0.127733086E+01 0.127734814E+01 0.127727920E+01 0.127718130E+01 0.127707555E+01
 0.127697233E+01 0.127688284E+01 0.127681934E+01 0.127685479E+01 0.127668867E+01
 0.127632148E+01 0.127606606E+01 0.127582977E+01 0.127560473E+01 0.127538661E+01
 0.127517710E+01 0.127497944E+01 0.127479631E+01 0.127463227E+01 0.127449361E+01
 0.127438217E+01 0.127430222E+01 0.127425982E+01 0.127425306E+01 0.127428443E+01
 0.127435718E+01 0.127446855E+01 0.127461457E+01 0.127479666E+01 0.127500779E+01
 0.127524382E+01 0.127549937E+01 0.127576865E+01 0.127604156E+01 0.127631277E+01
 0.127656925E+01 0.127680675E+01 0.127701224E+01 0.127717748E+01 0.127729017E+01
 0.127734056E+01 0.127731823E+01 0.127721555E+01 0.127701796E+01 0.127672016E+01
 0.127631318E+01 0.127578949E+01 0.127514283E+01 0.127436963E+01 0.127346563E+01
 0.127242925E+01 0.127126308E+01 0.126996760E+01 0.126854832E+01 0.126701569E+01
 0.126537592E+01 0.126364202E+01 0.126183083E+01 0.125995769E+01 0.125804337E+01
 0.125610571E+01 0.125417330E+01 0.125226607E+01 0.125040928E+01 0.124862294E+01
 0.127858194E+01 0.127762570E+01 0.127723376E+01 0.127705589E+01 0.127695634E+01
 0.127688338E+01 0.127681630E+01 0.127674538E+01 0.127665476E+01 0.127653048E+01
 0.127637538E+01 0.127620465E+01 0.127603074E+01 0.127585897E+01 0.127569270E+01
 0.127553227E+01 0.127538234E+01 0.127524335E+01 0.127512074E+01 0.127501382E+01
 0.127493190E+01 0.127487003E+01 0.127483517E+01 0.127482755E+01 0.127484576E+01
 0.127489441E+01 0.127496693E+01 0.127506674E+01 0.127518940E+01 0.127533184E+01
 0.127549140E+01 0.127565977E+01 0.127583379E+01 0.127600763E+01 0.127617571E+01
 0.127632875E+01 0.127645939E+01 0.127656292E+01 0.127662497E+01 0.127664446E+01
 0.127661038E+01 0.127651388E+01 0.127634656E+01 0.127610277E+01 0.127577582E+01
 0.127535841E+01 0.127484624E+01 0.127423636E+01 0.127352338E+01 0.127270804E+01
 0.127178765E+01 0.127076728E+01 0.126964722E+01 0.126843560E+01 0.126713634E+01
 0.126576085E+01 0.126431850E+01 0.126282369E+01 0.126129070E+01 0.125973537E+01
 0.125817722E+01 0.125663301E+01 0.125512465E+01 0.125367693E+01 0.125231200E+01
 0.127634700E+01 0.127654945E+01 0.127666651E+01 0.127674015E+01 0.127677841E+01
 0.127678208E+01 0.127675876E+01 0.127671140E+01 0.127664327E+01 0.127655568E+01
 0.127645145E+01 0.127633687E+01 0.127621539E+01 0.127609157E+01 0.127596878E+01
 0.127585019E+01 0.127573882E+01 0.127563504E+01 0.127554263E+01 0.127546337E+01
 0.127539781E+01 0.127534951E+01 0.127531947E+01 0.127530690E+01 0.127531507E+01
 0.127533934E+01 0.127538458E+01 0.127544560E+01 0.127552122E+01 0.127560954E+01
 0.127570402E+01 0.127580651E+01 0.127590743E+01 0.127600400E+01 0.127609072E+01
 0.127616477E+01 0.127621694E+01 0.127624124E+01 0.127623013E+01 0.127618097E+01
 0.127608481E+01 0.127593682E+01 0.127572851E+01 0.127545845E+01 0.127511956E+01
 0.127470515E+01 0.127421727E+01 0.127364981E+01 0.127300016E+01 0.127227158E+01
 0.127145899E+01 0.127056916E+01 0.126960643E+01 0.126857418E+01 0.126747768E+01
 0.126632699E+01 0.126513342E+01 0.126390525E+01 0.126265510E+01 0.126139921E+01
 0.126015166E+01 0.125892995E+01 0.125774757E+01 0.125662852E+01 0.125559335E+01
 0.127454685E+01 0.127566166E+01 0.127623212E+01 0.127654291E+01 0.127671170E+01
 0.127677655E+01 0.127677568E+01 0.127674233E+01 0.127669225E+01 0.127663122E+01
 0.127656059E+01 0.127648256E+01 0.127639934E+01 0.127631343E+01 0.127622708E+01
 0.127614243E+01 0.127606195E+01 0.127598674E+01 0.127591834E+01 0.127585698E+01
 0.127580809E+01 0.127576722E+01 0.127573978E+01 0.127572261E+01 0.127571955E+01
 0.127572763E+01 0.127574782E+01 0.127577641E+01 0.127581421E+01 0.127585839E+01
 0.127590598E+01 0.127595347E+01 0.127599882E+01 0.127603595E+01 0.127606313E+01
 0.127607477E+01 0.127606498E+01 0.127603100E+01 0.127596766E+01 0.127586966E+01
 0.127573285E+01 0.127554859E+01 0.127531921E+01 0.127503683E+01 0.127469591E+01
 0.127429914E+01 0.127383830E+01 0.127331469E+01 0.127272998E+01 0.127208097E+01
 0.127136822E+01 0.127059708E+01 0.126976970E+01 0.126889239E+01 0.126796837E+01
 0.126701022E+01 0.126602234E+01 0.126501834E+01 0.126400652E+01 0.126300120E+01
 0.126201212E+01 0.126105567E+01 0.126013883E+01 0.125927446E+01 0.125847121E+01
 0.127600133E+01 0.127627788E+01 0.127649884E+01 0.127672680E+01 0.127697417E+01
 0.127703735E+01 0.127686747E+01 0.127681755E+01 0.127677649E+01 0.127673477E+01
 0.127669026E+01 0.127664132E+01 0.127658917E+01 0.127653309E+01 0.127647654E+01
 0.127642046E+01 0.127636491E+01 0.127631194E+01 0.127626204E+01 0.127621720E+01
 0.127617661E+01 0.127614353E+01 0.127611678E+01 0.127609700E+01 0.127608382E+01
 0.127607678E+01 0.127607816E+01 0.127608152E+01 0.127608914E+01 0.127609761E+01
 0.127610792E+01 0.127611363E+01 0.127611287E+01 0.127610408E+01 0.127608451E+01
 0.127604984E+01 0.127599705E+01 0.127591985E+01 0.127581679E+01 0.127568685E+01
 0.127552048E+01 0.127531840E+01 0.127507610E+01 0.127479090E+01 0.127446082E+01
 0.127408218E+01 0.127365501E+01 0.127317864E+01 0.127265338E+01 0.127207802E+01
 0.127145401E+01 0.127078809E+01 0.127007961E+01 0.126933305E+01 0.126855646E+01
 0.126775833E+01 0.126694342E+01 0.126612456E+01 0.126531088E+01 0.126451396E+01
 0.126374688E+01 0.126301421E+01 0.126232487E+01 0.126168661E+01 0.126110524E+01
 0.127781236E+01 0.127699868E+01 0.127677674E+01 0.127678433E+01 0.127685625E+01
 0.127688918E+01 0.127688548E+01 0.127687578E+01 0.127686422E+01 0.127685125E+01
 0.127683327E+01 0.127681106E+01 0.127678543E+01 0.127675631E+01 0.127672521E+01
 0.127669215E+01 0.127665739E+01 0.127662276E+01 0.127658938E+01 0.127655634E+01
 0.127652487E+01 0.127649635E+01 0.127647103E+01 0.127644738E+01 0.127642527E+01
 0.127640732E+01 0.127638962E+01 0.127637332E+01 0.127635787E+01 0.127633701E+01
 0.127631661E+01 0.127628994E+01 0.127625601E+01 0.127621086E+01 0.127615765E+01
 0.127608770E+01 0.127600118E+01 0.127589402E+01 0.127576420E+01 0.127561055E+01
 0.127542644E+01 0.127521348E+01 0.127496857E+01 0.127468808E+01 0.127437101E+01
 0.127401718E+01 0.127362300E+01 0.127319242E+01 0.127272394E+01 0.127221567E+01
 0.127167324E+01 0.127109717E+01 0.127049089E+01 0.126985563E+01 0.126920234E+01
 0.126853283E+01 0.126785837E+01 0.126718767E+01 0.126653426E+01 0.126591294E+01
 0.126533382E+01 0.126480254E+01 0.126432348E+01 0.126389748E+01 0.126352368E+01
 0.127602056E+01 0.127628779E+01 0.127647840E+01 0.127662877E+01 0.127674662E+01
 0.127683455E+01 0.127689396E+01 0.127693454E+01 0.127696265E+01 0.127698049E+01
 0.127699014E+01 0.127699378E+01 0.127699254E+01 0.127698812E+01 0.127697802E+01
 0.127696536E+01 0.127694954E+01 0.127693068E+01 0.127691064E+01 0.127688849E+01
 0.127686502E+01 0.127684021E+01 0.127681475E+01 0.127678779E+01 0.127676024E+01
 0.127673146E+01 0.127670068E+01 0.127666644E+01 0.127663061E+01 0.127658905E+01
 0.127654303E+01 0.127648915E+01 0.127642828E+01 0.127635716E+01 0.127627492E+01
 0.127617947E+01 0.127606784E+01 0.127593935E+01 0.127579071E+01 0.127562236E+01
 0.127542841E+01 0.127521221E+01 0.127496917E+01 0.127469767E+01 0.127439780E+01
 0.127406746E+01 0.127370963E+01 0.127332152E+01 0.127290359E+01 0.127245794E+01
 0.127198612E+01 0.127148801E+01 0.127097035E+01 0.127043181E+01 0.126987866E+01
 0.126931418E+01 0.126874327E+01 0.126817377E+01 0.126762553E+01 0.126714005E+01
 0.126673999E+01 0.126640864E+01 0.126613053E+01 0.126591088E+01 0.126575948E+01
 0.127458665E+01 0.127576651E+01 0.127630081E+01 0.127657946E+01 0.127675570E+01
 0.127687781E+01 0.127696766E+01 0.127703671E+01 0.127709086E+01 0.127713399E+01
 0.127716911E+01 0.127719576E+01 0.127721708E+01 0.127723298E+01 0.127724254E+01
 0.127724810E+01 0.127724801E+01 0.127724450E+01 0.127723582E+01 0.127722347E+01
 0.127720623E+01 0.127718520E+01 0.127715959E+01 0.127713064E+01 0.127709721E+01
 0.127705850E+01 0.127701582E+01 0.127696827E+01 0.127691445E+01 0.127685459E+01
 0.127678912E+01 0.127671503E+01 0.127663265E+01 0.127653918E+01 0.127643501E+01
 0.127631938E+01 0.127618807E+01 0.127604439E+01 0.127588418E+01 0.127570483E+01
 0.127550735E+01 0.127529217E+01 0.127505483E+01 0.127479322E+01 0.127451189E+01
 0.127420843E+01 0.127388142E+01 0.127353375E+01 0.127316472E+01 0.127277655E+01
 0.127236699E+01 0.127194180E+01 0.127149939E+01 0.127104533E+01 0.127057814E+01
 0.127010065E+01 0.126961265E+01 0.126910594E+01 0.126854491E+01 0.126807723E+01
 0.126795446E+01 0.126783946E+01 0.126774574E+01 0.126769374E+01 0.126770374E+01
 0.127627502E+01 0.127653673E+01 0.127670057E+01 0.127682045E+01 0.127692692E+01
 0.127702298E+01 0.127711006E+01 0.127718749E+01 0.127725695E+01 0.127731840E+01
 0.127737232E+01 0.127741993E+01 0.127746099E+01 0.127749564E+01 0.127752432E+01
 0.127754668E+01 0.127756198E+01 0.127757159E+01 0.127757513E+01 0.127757037E+01
 0.127756096E+01 0.127754238E+01 0.127751761E+01 0.127748594E+01 0.127744738E+01
 0.127740043E+01 0.127734765E+01 0.127728787E+01 0.127721872E+01 0.127714261E+01
 0.127705795E+01 0.127696511E+01 0.127686433E+01 0.127675382E+01 0.127663160E+01
 0.127649998E+01 0.127635661E+01 0.127620000E+01 0.127603060E+01 0.127584618E+01
 0.127564608E+01 0.127543133E+01 0.127520238E+01 0.127495535E+01 0.127469183E+01
 0.127441340E+01 0.127411790E+01 0.127380742E+01 0.127348228E+01 0.127314388E+01
 0.127279303E+01 0.127243089E+01 0.127206194E+01 0.127168173E+01 0.127129893E+01
 0.127090885E+01 0.127051000E+01 0.127010421E+01 0.126967837E+01 0.126927636E+01
 0.126913742E+01 0.126919284E+01 0.126922581E+01 0.126927370E+01 0.126934694E+01
 0.127827867E+01 0.127742738E+01 0.127715210E+01 0.127709965E+01 0.127713456E+01
 0.127720494E+01 0.127728708E+01 0.127737116E+01 0.127745178E+01 0.127752860E+01
 0.127760042E+01 0.127766718E+01 0.127772668E+01 0.127777962E+01 0.127782689E+01
 0.127786664E+01 0.127789802E+01 0.127792141E+01 0.127793602E+01 0.127794154E+01
 0.127793724E+01 0.127792288E+01 0.127789921E+01 0.127786411E+01 0.127782011E+01
 0.127776522E+01 0.127770156E+01 0.127762781E+01 0.127754651E+01 0.127745354E+01
 0.127735176E+01 0.127724243E+01 0.127712448E+01 0.127699855E+01 0.127686207E+01
 0.127671580E+01 0.127655929E+01 0.127639157E+01 0.127621603E+01 0.127602857E+01
 0.127582996E+01 0.127561860E+01 0.127539618E+01 0.127516341E+01 0.127491917E+01
 0.127466254E+01 0.127439511E+01 0.127411941E+01 0.127383499E+01 0.127354265E+01
 0.127324505E+01 0.127294046E+01 0.127263397E+01 0.127232980E+01 0.127202425E+01
 0.127172387E+01 0.127142829E+01 0.127114229E+01 0.127087013E+01 0.127060922E+01
 0.127048452E+01 0.127057088E+01 0.127065144E+01 0.127075466E+01 0.127088868E+01
 0.127672603E+01 0.127694941E+01 0.127706153E+01 0.127716079E+01 0.127726293E+01
 0.127736586E+01 0.127746863E+01 0.127756966E+01 0.127766787E+01 0.127776184E+01
 0.127785180E+01 0.127793697E+01 0.127801670E+01 0.127809036E+01 0.127815610E+01
 0.127821410E+01 0.127826330E+01 0.127830119E+01 0.127832880E+01 0.127834475E+01
 0.127834701E+01 0.127833531E+01 0.127831128E+01 0.127827406E+01 0.127822310E+01
 0.127815992E+01 0.127808381E+01 0.127799647E+01 0.127789854E+01 0.127779078E+01
 0.127767334E+01 0.127754609E+01 0.127741058E+01 0.127726948E+01 0.127711687E+01
 0.127695812E+01 0.127679190E+01 0.127661503E+01 0.127643214E+01 0.127624310E+01
 0.127604307E+01 0.127583634E+01 0.127562389E+01 0.127540089E+01 0.127517349E+01
 0.127493764E+01 0.127469752E+01 0.127445142E+01 0.127420405E+01 0.127395154E+01
 0.127370119E+01 0.127345081E+01 0.127320350E+01 0.127296200E+01 0.127273058E+01
 0.127250978E+01 0.127230773E+01 0.127212942E+01 0.127198562E+01 0.127188936E+01
 0.127185967E+01 0.127189702E+01 0.127199452E+01 0.127213984E+01 0.127232951E+01
 0.127548952E+01 0.127658282E+01 0.127695583E+01 0.127721556E+01 0.127739217E+01
 0.127753538E+01 0.127766250E+01 0.127778254E+01 0.127789960E+01 0.127801235E+01
 0.127812301E+01 0.127822997E+01 0.127833197E+01 0.127842816E+01 0.127851633E+01
 0.127859559E+01 0.127866441E+01 0.127872090E+01 0.127876308E+01 0.127879039E+01
 0.127880012E+01 0.127879256E+01 0.127876860E+01 0.127872585E+01 0.127866619E+01
 0.127859063E+01 0.127850108E+01 0.127839759E+01 0.127828190E+01 0.127815456E+01
 0.127801808E+01 0.127787402E+01 0.127771977E+01 0.127756071E+01 0.127739367E+01
 0.127722024E+01 0.127704337E+01 0.127685839E+01 0.127666874E+01 0.127647571E+01
 0.127627826E+01 0.127607474E+01 0.127586660E+01 0.127565598E+01 0.127544208E+01
 0.127522613E+01 0.127500902E+01 0.127479058E+01 0.127457212E+01 0.127435790E+01
 0.127414564E+01 0.127394129E+01 0.127374391E+01 0.127355832E+01 0.127338808E+01
 0.127323594E+01 0.127310420E+01 0.127300493E+01 0.127294036E+01 0.127291940E+01
 0.127294879E+01 0.127303307E+01 0.127317580E+01 0.127338179E+01 0.127365900E+01
 0.127697040E+01 0.127720249E+01 0.127735756E+01 0.127749078E+01 0.127761940E+01
 0.127774884E+01 0.127787985E+01 0.127801246E+01 0.127814586E+01 0.127827955E+01
 0.127841253E+01 0.127854413E+01 0.127867215E+01 0.127879422E+01 0.127890965E+01
 0.127901516E+01 0.127910908E+01 0.127918912E+01 0.127925058E+01 0.127929187E+01
 0.127931107E+01 0.127930853E+01 0.127928208E+01 0.127923171E+01 0.127915995E+01
 0.127906810E+01 0.127895914E+01 0.127883532E+01 0.127869643E+01 0.127854708E+01
 0.127838817E+01 0.127822153E+01 0.127804700E+01 0.127786789E+01 0.127768431E+01
 0.127749767E+01 0.127730656E+01 0.127711365E+01 0.127691666E+01 0.127671977E+01
 0.127651906E+01 0.127631803E+01 0.127611603E+01 0.127591464E+01 0.127571317E+01
 0.127551183E+01 0.127531272E+01 0.127511844E+01 0.127492792E+01 0.127474187E+01
 0.127456550E+01 0.127439723E+01 0.127424227E+01 0.127410218E+01 0.127398009E+01
 0.127387941E+01 0.127380356E+01 0.127375800E+01 0.127374813E+01 0.127377712E+01
 0.127385224E+01 0.127397679E+01 0.127415564E+01 0.127439933E+01 0.127471953E+01
 0.127891853E+01 0.127806874E+01 0.127780548E+01 0.127777763E+01 0.127784875E+01
 0.127796348E+01 0.127809964E+01 0.127824514E+01 0.127839811E+01 0.127855542E+01
 0.127871463E+01 0.127887513E+01 0.127903538E+01 0.127919196E+01 0.127934105E+01
 0.127947661E+01 0.127959783E+01 0.127969833E+01 0.127977753E+01 0.127983297E+01
 0.127986075E+01 0.127986160E+01 0.127983495E+01 0.127978070E+01 0.127969953E+01
 0.127959346E+01 0.127946342E+01 0.127931273E+01 0.127914517E+01 0.127896562E+01
 0.127877696E+01 0.127858405E+01 0.127838596E+01 0.127818404E+01 0.127798099E+01
 0.127777792E+01 0.127757252E+01 0.127736947E+01 0.127716458E+01 0.127696067E+01
 0.127675959E+01 0.127655894E+01 0.127636092E+01 0.127616620E+01 0.127597378E+01
 0.127578628E+01 0.127560263E+01 0.127542630E+01 0.127525682E+01 0.127509655E+01
 0.127494557E+01 0.127481027E+01 0.127468618E+01 0.127458177E+01 0.127449663E+01
 0.127443536E+01 0.127439936E+01 0.127439292E+01 0.127442051E+01 0.127448773E+01
 0.127459447E+01 0.127474270E+01 0.127493806E+01 0.127517990E+01 0.127546398E+01
 0.127727154E+01 0.127751403E+01 0.127766979E+01 0.127781878E+01 0.127797032E+01
 0.127812931E+01 0.127829473E+01 0.127846660E+01 0.127864548E+01 0.127883113E+01
 0.127902189E+01 0.127921766E+01 0.127941245E+01 0.127960118E+01 0.127977901E+01
 0.127994267E+01 0.128008626E+01 0.128020812E+01 0.128030417E+01 0.128037218E+01
 0.128040960E+01 0.128041573E+01 0.128038950E+01 0.128033019E+01 0.128023993E+01
 0.128012069E+01 0.127997389E+01 0.127980298E+01 0.127961094E+01 0.127940219E+01
 0.127918067E+01 0.127895401E+01 0.127872640E+01 0.127849954E+01 0.127827376E+01
 0.127805169E+01 0.127783124E+01 0.127761364E+01 0.127740098E+01 0.127719194E+01
 0.127698781E+01 0.127678518E+01 0.127659049E+01 0.127639883E+01 0.127621533E+01
 0.127603722E+01 0.127586592E+01 0.127570311E+01 0.127555104E+01 0.127540903E+01
 0.127528095E+01 0.127516628E+01 0.127506963E+01 0.127499169E+01 0.127493504E+01
 0.127490072E+01 0.127489466E+01 0.127491643E+01 0.127497342E+01 0.127506273E+01
 0.127519222E+01 0.127535976E+01 0.127556558E+01 0.127581394E+01 0.127609657E+01
 0.127595842E+01 0.127706342E+01 0.127753331E+01 0.127784538E+01 0.127807764E+01
 0.127828020E+01 0.127847674E+01 0.127867447E+01 0.127888060E+01 0.127909682E+01
 0.127932075E+01 0.127954754E+01 0.127977191E+01 0.127998738E+01 0.128019163E+01
 0.128037846E+01 0.128054528E+01 0.128068733E+01 0.128080043E+01 0.128088236E+01
 0.128092897E+01 0.128093926E+01 0.128091310E+01 0.128085016E+01 0.128075157E+01
 0.128061873E+01 0.128045659E+01 0.128026637E+01 0.128005333E+01 0.127982114E+01
 0.127957431E+01 0.127931662E+01 0.127905623E+01 0.127880066E+01 0.127855104E+01
 0.127830855E+01 0.127807235E+01 0.127784101E+01 0.127761836E+01 0.127740167E+01
 0.127719329E+01 0.127699060E+01 0.127679482E+01 0.127660746E+01 0.127642689E+01
 0.127625615E+01 0.127609410E+01 0.127594258E+01 0.127580296E+01 0.127567525E+01
 0.127556312E+01 0.127546736E+01 0.127538858E+01 0.127532844E+01 0.127529159E+01
 0.127527842E+01 0.127528948E+01 0.127533417E+01 0.127540750E+01 0.127551586E+01
 0.127566068E+01 0.127584584E+01 0.127606910E+01 0.127633180E+01 0.127663192E+01
 0.127748837E+01 0.127773175E+01 0.127791650E+01 0.127808936E+01 0.127826656E+01
 0.127845290E+01 0.127865188E+01 0.127886566E+01 0.127909311E+01 0.127933532E+01
 0.127958459E+01 0.127983488E+01 0.128008290E+01 0.128032223E+01 0.128054971E+01
 0.128075923E+01 0.128094720E+01 0.128110701E+01 0.128123677E+01 0.128133068E+01
 0.128138654E+01 0.128140207E+01 0.128137585E+01 0.128130901E+01 0.128120218E+01
 0.128105811E+01 0.128088073E+01 0.128067376E+01 0.128044162E+01 0.128018898E+01
 0.127992047E+01 0.127964155E+01 0.127935650E+01 0.127907200E+01 0.127879703E+01
 0.127853493E+01 0.127828250E+01 0.127803904E+01 0.127780687E+01 0.127758207E+01
 0.127736962E+01 0.127716421E+01 0.127696802E+01 0.127678135E+01 0.127660652E+01
 0.127643935E+01 0.127628306E+01 0.127613976E+01 0.127601023E+01 0.127589286E+01
 0.127579034E+01 0.127570466E+01 0.127563745E+01 0.127559013E+01 0.127556536E+01
 0.127556656E+01 0.127558972E+01 0.127564479E+01 0.127573039E+01 0.127584913E+01
 0.127600285E+01 0.127619832E+01 0.127644027E+01 0.127673053E+01 0.127707709E+01
 0.127939190E+01 0.127855113E+01 0.127831143E+01 0.127831716E+01 0.127842937E+01
 0.127859519E+01 0.127879352E+01 0.127901603E+01 0.127926202E+01 0.127952117E+01
 0.127978927E+01 0.128005845E+01 0.128032420E+01 0.128058238E+01 0.128082799E+01
 0.128105525E+01 0.128126037E+01 0.128143653E+01 0.128158074E+01 0.128168658E+01
 0.128175104E+01 0.128177143E+01 0.128174510E+01 0.128167475E+01 0.128156032E+01
 0.128140667E+01 0.128121679E+01 0.128099571E+01 0.128074850E+01 0.128047982E+01
 0.128019517E+01 0.127989801E+01 0.127959618E+01 0.127929230E+01 0.127899668E+01
 0.127871474E+01 0.127844825E+01 0.127819575E+01 0.127795602E+01 0.127772608E+01
 0.127750771E+01 0.127730028E+01 0.127710451E+01 0.127691903E+01 0.127674435E+01
 0.127658096E+01 0.127642935E+01 0.127629056E+01 0.127616442E+01 0.127605324E+01
 0.127595888E+01 0.127588175E+01 0.127581935E+01 0.127578017E+01 0.127576075E+01
 0.127576710E+01 0.127579723E+01 0.127585537E+01 0.127594373E+01 0.127606303E+01
 0.127621849E+01 0.127641325E+01 0.127665041E+01 0.127694117E+01 0.127729570E+01
 0.127767603E+01 0.127792344E+01 0.127809971E+01 0.127827132E+01 0.127845165E+01
 0.127864984E+01 0.127886826E+01 0.127910630E+01 0.127936526E+01 0.127963734E+01
 0.127991643E+01 0.128019686E+01 0.128047480E+01 0.128074590E+01 0.128100319E+01
 0.128124321E+01 0.128146061E+01 0.128164907E+01 0.128180271E+01 0.128191862E+01
 0.128199061E+01 0.128201479E+01 0.128198881E+01 0.128191425E+01 0.128179472E+01
 0.128163380E+01 0.128143592E+01 0.128120571E+01 0.128094827E+01 0.128067031E+01
 0.128037521E+01 0.128006849E+01 0.127975488E+01 0.127944112E+01 0.127913348E+01
 0.127883859E+01 0.127856369E+01 0.127830225E+01 0.127805684E+01 0.127782381E+01
 0.127760275E+01 0.127739389E+01 0.127719750E+01 0.127701233E+01 0.127683833E+01
 0.127667617E+01 0.127652810E+01 0.127639055E+01 0.127626822E+01 0.127615968E+01
 0.127606732E+01 0.127599164E+01 0.127593207E+01 0.127589473E+01 0.127587625E+01
 0.127588268E+01 0.127591062E+01 0.127596722E+01 0.127605083E+01 0.127616544E+01
 0.127631053E+01 0.127649114E+01 0.127670544E+01 0.127695553E+01 0.127723846E+01
 0.127633102E+01 0.127744725E+01 0.127786989E+01 0.127818005E+01 0.127842489E+01
 0.127865212E+01 0.127888428E+01 0.127913134E+01 0.127939631E+01 0.127967301E+01
 0.127995587E+01 0.128024090E+01 0.128052299E+01 0.128079798E+01 0.128105993E+01
 0.128130427E+01 0.128152649E+01 0.128171917E+01 0.128187879E+01 0.128199915E+01
 0.128207564E+01 0.128210264E+01 0.128207735E+01 0.128200129E+01 0.128188018E+01
 0.128171647E+01 0.128151619E+01 0.128128423E+01 0.128102438E+01 0.128074324E+01
 0.128044530E+01 0.128013588E+01 0.127982009E+01 0.127950416E+01 0.127919156E+01
 0.127889512E+01 0.127861539E+01 0.127835241E+01 0.127810515E+01 0.127787168E+01
 0.127765058E+01 0.127744135E+01 0.127724704E+01 0.127706088E+01 0.127688791E+01
 0.127672826E+01 0.127657844E+01 0.127644189E+01 0.127632116E+01 0.127621061E+01
 0.127611614E+01 0.127604033E+01 0.127598183E+01 0.127593697E+01 0.127591676E+01
 0.127591687E+01 0.127593962E+01 0.127598821E+01 0.127606283E+01 0.127616261E+01
 0.127629291E+01 0.127645241E+01 0.127664514E+01 0.127686545E+01 0.127711083E+01
 0.127766259E+01 0.127791002E+01 0.127808727E+01 0.127825872E+01 0.127844020E+01
 0.127863889E+01 0.127885657E+01 0.127909507E+01 0.127935372E+01 0.127962559E+01
 0.127990369E+01 0.128018442E+01 0.128046291E+01 0.128073425E+01 0.128099258E+01
 0.128123283E+01 0.128144993E+01 0.128164007E+01 0.128179608E+01 0.128191380E+01
 0.128198798E+01 0.128201461E+01 0.128199183E+01 0.128192006E+01 0.128180298E+01
 0.128164497E+01 0.128144934E+01 0.128122298E+01 0.128096858E+01 0.128069304E+01
 0.128040051E+01 0.128009654E+01 0.127978690E+01 0.127947593E+01 0.127916854E+01
 0.127887622E+01 0.127860244E+01 0.127834351E+01 0.127809907E+01 0.127786876E+01
 0.127764962E+01 0.127744411E+01 0.127724878E+01 0.127706525E+01 0.127689234E+01
 0.127673118E+01 0.127658314E+01 0.127644484E+01 0.127632061E+01 0.127620920E+01
 0.127611243E+01 0.127602972E+01 0.127596254E+01 0.127591548E+01 0.127588498E+01
 0.127587578E+01 0.127588570E+01 0.127592062E+01 0.127597964E+01 0.127606536E+01
 0.127617849E+01 0.127632131E+01 0.127649150E+01 0.127669190E+01 0.127691817E+01
 0.127935530E+01 0.127852289E+01 0.127828481E+01 0.127829321E+01 0.127840630E+01
 0.127857395E+01 0.127877232E+01 0.127899505E+01 0.127923910E+01 0.127949828E+01
 0.127976516E+01 0.128003373E+01 0.128030092E+01 0.128056003E+01 0.128080584E+01
 0.128103476E+01 0.128124094E+01 0.128142031E+01 0.128156669E+01 0.128167609E+01
 0.128174515E+01 0.128177044E+01 0.128174965E+01 0.128168298E+01 0.128157553E+01
 0.128142635E+01 0.128124318E+01 0.128102821E+01 0.128078738E+01 0.128052443E+01
 0.128024500E+01 0.127995435E+01 0.127965699E+01 0.127935936E+01 0.127906637E+01
 0.127878821E+01 0.127852519E+01 0.127827651E+01 0.127804040E+01 0.127781622E+01
 0.127760261E+01 0.127739939E+01 0.127720698E+01 0.127702635E+01 0.127685493E+01
 0.127669257E+01 0.127654194E+01 0.127640236E+01 0.127627332E+01 0.127615640E+01
 0.127605396E+01 0.127596518E+01 0.127588790E+01 0.127582896E+01 0.127578517E+01
 0.127576165E+01 0.127575702E+01 0.127577383E+01 0.127581466E+01 0.127587662E+01
 0.127596783E+01 0.127608952E+01 0.127624254E+01 0.127643715E+01 0.127667521E+01
 0.127742708E+01 0.127767987E+01 0.127787500E+01 0.127805587E+01 0.127823752E+01
 0.127842564E+01 0.127862418E+01 0.127883558E+01 0.127906138E+01 0.127930192E+01
 0.127955012E+01 0.127980121E+01 0.128004862E+01 0.128028862E+01 0.128051763E+01
 0.128072914E+01 0.128091842E+01 0.128108256E+01 0.128121598E+01 0.128131520E+01
 0.128137642E+01 0.128139928E+01 0.128137980E+01 0.128132086E+01 0.128122172E+01
 0.128108583E+01 0.128091727E+01 0.128071934E+01 0.128049597E+01 0.128025207E+01
 0.127999253E+01 0.127972155E+01 0.127944398E+01 0.127916712E+01 0.127889707E+01
 0.127863934E+01 0.127839408E+01 0.127815898E+01 0.127793458E+01 0.127771833E+01
 0.127751223E+01 0.127731641E+01 0.127712728E+01 0.127694644E+01 0.127677587E+01
 0.127661361E+01 0.127645933E+01 0.127631573E+01 0.127618247E+01 0.127605852E+01
 0.127594537E+01 0.127584464E+01 0.127575554E+01 0.127568265E+01 0.127562213E+01
 0.127558281E+01 0.127555542E+01 0.127555069E+01 0.127556490E+01 0.127560263E+01
 0.127566238E+01 0.127575175E+01 0.127587406E+01 0.127603462E+01 0.127624510E+01
 0.127583756E+01 0.127694093E+01 0.127749696E+01 0.127781997E+01 0.127805258E+01
 0.127825132E+01 0.127844306E+01 0.127863880E+01 0.127884198E+01 0.127905530E+01
 0.127927775E+01 0.127950305E+01 0.127972731E+01 0.127994348E+01 0.128014877E+01
 0.128033832E+01 0.128050884E+01 0.128065452E+01 0.128077351E+01 0.128086017E+01
 0.128091366E+01 0.128093272E+01 0.128091477E+01 0.128086119E+01 0.128077307E+01
 0.128065105E+01 0.128049971E+01 0.128032089E+01 0.128011875E+01 0.127989746E+01
 0.127966197E+01 0.127941583E+01 0.127916569E+01 0.127891715E+01 0.127867633E+01
 0.127844387E+01 0.127821833E+01 0.127799896E+01 0.127778808E+01 0.127758294E+01
 0.127738667E+01 0.127719456E+01 0.127701118E+01 0.127683435E+01 0.127666209E+01
 0.127649865E+01 0.127634157E+01 0.127619188E+01 0.127605111E+01 0.127591687E+01
 0.127579376E+01 0.127568049E+01 0.127557827E+01 0.127548586E+01 0.127540879E+01
 0.127534275E+01 0.127529184E+01 0.127525920E+01 0.127524337E+01 0.127524591E+01
 0.127526979E+01 0.127531665E+01 0.127538476E+01 0.127547518E+01 0.127558836E+01
 0.127747345E+01 0.127770792E+01 0.127771605E+01 0.127781965E+01 0.127795039E+01
 0.127809726E+01 0.127825575E+01 0.127842386E+01 0.127859959E+01 0.127878196E+01
 0.127897138E+01 0.127916471E+01 0.127935929E+01 0.127954904E+01 0.127972787E+01
 0.127989322E+01 0.128004073E+01 0.128016743E+01 0.128026940E+01 0.128034354E+01
 0.128038951E+01 0.128040365E+01 0.128038720E+01 0.128033896E+01 0.128026018E+01
 0.128015328E+01 0.128001851E+01 0.127986102E+01 0.127968232E+01 0.127948744E+01
 0.127927950E+01 0.127906365E+01 0.127884780E+01 0.127863336E+01 0.127842189E+01
 0.127821333E+01 0.127800779E+01 0.127780741E+01 0.127761171E+01 0.127741946E+01
 0.127723155E+01 0.127704656E+01 0.127686814E+01 0.127669098E+01 0.127652125E+01
 0.127635493E+01 0.127619269E+01 0.127603560E+01 0.127588650E+01 0.127574162E+01
 0.127560605E+01 0.127547670E+01 0.127535579E+01 0.127524467E+01 0.127514396E+01
 0.127505165E+01 0.127497434E+01 0.127490781E+01 0.127485797E+01 0.127482093E+01
 0.127480100E+01 0.127480004E+01 0.127481291E+01 0.127484589E+01 0.127488916E+01
 0.127894291E+01 0.127808781E+01 0.127780010E+01 0.127775117E+01 0.127780841E+01
 0.127791563E+01 0.127804761E+01 0.127819062E+01 0.127834276E+01 0.127849811E+01
 0.127865631E+01 0.127881721E+01 0.127897543E+01 0.127913154E+01 0.127928127E+01
 0.127942029E+01 0.127954394E+01 0.127964955E+01 0.127973427E+01 0.127979579E+01
 0.127983240E+01 0.127984297E+01 0.127982673E+01 0.127978381E+01 0.127971449E+01
 0.127962164E+01 0.127950554E+01 0.127936965E+01 0.127921723E+01 0.127905079E+01
 0.127887843E+01 0.127869956E+01 0.127851722E+01 0.127833354E+01 0.127814824E+01
 0.127796446E+01 0.127777967E+01 0.127759732E+01 0.127741526E+01 0.127723444E+01
 0.127705620E+01 0.127687831E+01 0.127670331E+01 0.127652959E+01 0.127635781E+01
 0.127618946E+01 0.127602191E+01 0.127585788E+01 0.127569831E+01 0.127554126E+01
 0.127538848E+01 0.127524236E+01 0.127510008E+01 0.127496555E+01 0.127483897E+01
 0.127472059E+01 0.127460995E+01 0.127450835E+01 0.127441798E+01 0.127434097E+01
 0.127427565E+01 0.127422422E+01 0.127418838E+01 0.127416843E+01 0.127416019E+01
 0.127685236E+01 0.127708732E+01 0.127725599E+01 0.127740257E+01 0.127754020E+01
 0.127767519E+01 0.127780967E+01 0.127794446E+01 0.127807961E+01 0.127821357E+01
 0.127834740E+01 0.127847881E+01 0.127860715E+01 0.127873053E+01 0.127884695E+01
 0.127895366E+01 0.127904984E+01 0.127913253E+01 0.127919925E+01 0.127924754E+01
 0.127927404E+01 0.127927990E+01 0.127926401E+01 0.127922601E+01 0.127916704E+01
 0.127908824E+01 0.127899263E+01 0.127888415E+01 0.127876142E+01 0.127862924E+01
 0.127848768E+01 0.127833981E+01 0.127818676E+01 0.127802835E+01 0.127786814E+01
 0.127770616E+01 0.127754051E+01 0.127737535E+01 0.127720769E+01 0.127703997E+01
 0.127686903E+01 0.127669773E+01 0.127652622E+01 0.127635501E+01 0.127618173E+01
 0.127600824E+01 0.127583469E+01 0.127566243E+01 0.127549044E+01 0.127531780E+01
 0.127515033E+01 0.127498199E+01 0.127481810E+01 0.127465943E+01 0.127450375E+01
 0.127435401E+01 0.127421060E+01 0.127407211E+01 0.127394034E+01 0.127381426E+01
 0.127369886E+01 0.127359435E+01 0.127350699E+01 0.127344198E+01 0.127340745E+01
 0.127512427E+01 0.127622229E+01 0.127677393E+01 0.127708271E+01 0.127728525E+01
 0.127744166E+01 0.127757770E+01 0.127770364E+01 0.127782313E+01 0.127793865E+01
 0.127805105E+01 0.127815838E+01 0.127826060E+01 0.127835767E+01 0.127844784E+01
 0.127852894E+01 0.127859916E+01 0.127865873E+01 0.127870593E+01 0.127873795E+01
 0.127875513E+01 0.127875555E+01 0.127874012E+01 0.127870829E+01 0.127866080E+01
 0.127859902E+01 0.127852402E+01 0.127843600E+01 0.127833788E+01 0.127822920E+01
 0.127811322E+01 0.127799221E+01 0.127786182E+01 0.127772914E+01 0.127759040E+01
 0.127744694E+01 0.127730123E+01 0.127715129E+01 0.127699797E+01 0.127684056E+01
 0.127668049E+01 0.127651703E+01 0.127634770E+01 0.127617590E+01 0.127600132E+01
 0.127582349E+01 0.127564359E+01 0.127545892E+01 0.127527206E+01 0.127508462E+01
 0.127489568E+01 0.127470725E+01 0.127451893E+01 0.127433092E+01 0.127414807E+01
 0.127396660E+01 0.127378505E+01 0.127360890E+01 0.127343431E+01 0.127325880E+01
 0.127308379E+01 0.127291127E+01 0.127275092E+01 0.127260974E+01 0.127250798E+01
 0.127665097E+01 0.127688462E+01 0.127693975E+01 0.127704584E+01 0.127715821E+01
 0.127727060E+01 0.127737995E+01 0.127748536E+01 0.127758586E+01 0.127768243E+01
 0.127777370E+01 0.127785995E+01 0.127794006E+01 0.127801360E+01 0.127808069E+01
 0.127814003E+01 0.127819058E+01 0.127823083E+01 0.127826199E+01 0.127828105E+01
 0.127828881E+01 0.127828573E+01 0.127826939E+01 0.127824182E+01 0.127820223E+01
 0.127815119E+01 0.127809063E+01 0.127801966E+01 0.127794152E+01 0.127785424E+01
 0.127775991E+01 0.127765818E+01 0.127755085E+01 0.127743982E+01 0.127732099E+01
 0.127719785E+01 0.127706941E+01 0.127693373E+01 0.127679518E+01 0.127664984E+01
 0.127649736E+01 0.127634073E+01 0.127617709E+01 0.127600397E+01 0.127582765E+01
 0.127564356E+01 0.127545387E+01 0.127525625E+01 0.127505592E+01 0.127484782E+01
 0.127463853E+01 0.127442364E+01 0.127420849E+01 0.127399130E+01 0.127377427E+01
 0.127356100E+01 0.127334821E+01 0.127313869E+01 0.127292493E+01 0.127269958E+01
 0.127245518E+01 0.127219082E+01 0.127192510E+01 0.127166338E+01 0.127141646E+01
 0.127819272E+01 0.127734247E+01 0.127705822E+01 0.127700472E+01 0.127704340E+01
 0.127711759E+01 0.127720229E+01 0.127728768E+01 0.127736876E+01 0.127744636E+01
 0.127751842E+01 0.127758400E+01 0.127764333E+01 0.127769635E+01 0.127774333E+01
 0.127778266E+01 0.127781452E+01 0.127783945E+01 0.127785543E+01 0.127786376E+01
 0.127786400E+01 0.127785467E+01 0.127783714E+01 0.127781205E+01 0.127777707E+01
 0.127773539E+01 0.127768691E+01 0.127763046E+01 0.127756833E+01 0.127749857E+01
 0.127742298E+01 0.127734190E+01 0.127725492E+01 0.127716393E+01 0.127706538E+01
 0.127696072E+01 0.127684927E+01 0.127673076E+01 0.127660633E+01 0.127647389E+01
 0.127633123E+01 0.127618011E+01 0.127602038E+01 0.127584994E+01 0.127567179E+01
 0.127547987E+01 0.127527890E+01 0.127506886E+01 0.127484968E+01 0.127462067E+01
 0.127438349E+01 0.127413932E+01 0.127389019E+01 0.127364046E+01 0.127338819E+01
 0.127314204E+01 0.127289853E+01 0.127266487E+01 0.127244113E+01 0.127223862E+01
 0.127193421E+01 0.127146416E+01 0.127104985E+01 0.127066012E+01 0.127029018E+01
 0.127614876E+01 0.127640510E+01 0.127658821E+01 0.127673427E+01 0.127685148E+01
 0.127694933E+01 0.127703301E+01 0.127710746E+01 0.127717390E+01 0.127723294E+01
 0.127728504E+01 0.127733100E+01 0.127737050E+01 0.127740427E+01 0.127743128E+01
 0.127745134E+01 0.127746659E+01 0.127747493E+01 0.127747832E+01 0.127747562E+01
 0.127746636E+01 0.127745226E+01 0.127743271E+01 0.127740771E+01 0.127737770E+01
 0.127734356E+01 0.127730409E+01 0.127726048E+01 0.127721238E+01 0.127716043E+01
 0.127710358E+01 0.127704142E+01 0.127697589E+01 0.127690393E+01 0.127682572E+01
 0.127674058E+01 0.127664981E+01 0.127654928E+01 0.127644039E+01 0.127632031E+01
 0.127618945E+01 0.127604632E+01 0.127589241E+01 0.127572423E+01 0.127554075E+01
 0.127534363E+01 0.127513142E+01 0.127490611E+01 0.127466523E+01 0.127441048E+01
 0.127414377E+01 0.127386503E+01 0.127357822E+01 0.127328292E+01 0.127298782E+01
 0.127269367E+01 0.127240785E+01 0.127214501E+01 0.127191418E+01 0.127168806E+01
 0.127123177E+01 0.127062320E+01 0.127008194E+01 0.126958218E+01 0.126911047E+01
 0.127446693E+01 0.127562413E+01 0.127624137E+01 0.127656582E+01 0.127672919E+01
 0.127682726E+01 0.127689877E+01 0.127695612E+01 0.127700518E+01 0.127704481E+01
 0.127707705E+01 0.127710200E+01 0.127712118E+01 0.127713280E+01 0.127713987E+01
 0.127714201E+01 0.127713871E+01 0.127713125E+01 0.127711975E+01 0.127710527E+01
 0.127708763E+01 0.127706739E+01 0.127704390E+01 0.127701990E+01 0.127699322E+01
 0.127696487E+01 0.127693513E+01 0.127690331E+01 0.127686978E+01 0.127683416E+01
 0.127679699E+01 0.127675671E+01 0.127671214E+01 0.127666167E+01 0.127660593E+01
 0.127654448E+01 0.127647220E+01 0.127639353E+01 0.127630277E+01 0.127619918E+01
 0.127608301E+01 0.127595212E+01 0.127580367E+01 0.127563748E+01 0.127545377E+01
 0.127525038E+01 0.127502714E+01 0.127478312E+01 0.127452035E+01 0.127423679E+01
 0.127393341E+01 0.127361412E+01 0.127327707E+01 0.127292862E+01 0.127257020E+01
 0.127220851E+01 0.127185083E+01 0.127150697E+01 0.127122920E+01 0.127087767E+01
 0.127020693E+01 0.126957233E+01 0.126897058E+01 0.126840144E+01 0.126786687E+01
 0.127595563E+01 0.127629748E+01 0.127666579E+01 0.127681195E+01 0.127675543E+01
 0.127677399E+01 0.127680683E+01 0.127683851E+01 0.127686429E+01 0.127688296E+01
 0.127689350E+01 0.127689700E+01 0.127689300E+01 0.127688267E+01 0.127686666E+01
 0.127684687E+01 0.127682483E+01 0.127679900E+01 0.127677165E+01 0.127674478E+01
 0.127671588E+01 0.127668886E+01 0.127666161E+01 0.127663604E+01 0.127661229E+01
 0.127659054E+01 0.127656988E+01 0.127655137E+01 0.127653405E+01 0.127651567E+01
 0.127649986E+01 0.127648080E+01 0.127646075E+01 0.127643581E+01 0.127640676E+01
 0.127637143E+01 0.127632582E+01 0.127627121E+01 0.127620258E+01 0.127612215E+01
 0.127602143E+01 0.127590540E+01 0.127576869E+01 0.127560828E+01 0.127542477E+01
 0.127521556E+01 0.127498278E+01 0.127472182E+01 0.127443308E+01 0.127411627E+01
 0.127377479E+01 0.127340539E+01 0.127301281E+01 0.127259561E+01 0.127215998E+01
 0.127170546E+01 0.127123497E+01 0.127075191E+01 0.127024548E+01 0.126968670E+01
 0.126905965E+01 0.126840079E+01 0.126773764E+01 0.126708747E+01 0.126646665E+01
 0.127771389E+01 0.127691994E+01 0.127670182E+01 0.127666856E+01 0.127667819E+01
 0.127670131E+01 0.127672569E+01 0.127674403E+01 0.127675229E+01 0.127674997E+01
 0.127673627E+01 0.127671318E+01 0.127668349E+01 0.127664746E+01 0.127660708E+01
 0.127656275E+01 0.127651700E+01 0.127647154E+01 0.127642630E+01 0.127638290E+01
 0.127634151E+01 0.127630474E+01 0.127627273E+01 0.127624647E+01 0.127622382E+01
 0.127620822E+01 0.127619739E+01 0.127619300E+01 0.127619417E+01 0.127619618E+01
 0.127620479E+01 0.127621288E+01 0.127622060E+01 0.127622653E+01 0.127623062E+01
 0.127622561E+01 0.127621339E+01 0.127618864E+01 0.127615006E+01 0.127609515E+01
 0.127602034E+01 0.127592264E+01 0.127580170E+01 0.127565339E+01 0.127547415E+01
 0.127526479E+01 0.127502029E+01 0.127474279E+01 0.127443008E+01 0.127407854E+01
 0.127369233E+01 0.127327024E+01 0.127281236E+01 0.127231891E+01 0.127179417E+01
 0.127123685E+01 0.127064941E+01 0.127003063E+01 0.126937757E+01 0.126868818E+01
 0.126796295E+01 0.126721188E+01 0.126644448E+01 0.126566966E+01 0.126489075E+01
 0.127585574E+01 0.127612531E+01 0.127631277E+01 0.127645461E+01 0.127655874E+01
 0.127662980E+01 0.127667221E+01 0.127668731E+01 0.127667811E+01 0.127664971E+01
 0.127660732E+01 0.127655352E+01 0.127649263E+01 0.127642589E+01 0.127635453E+01
 0.127628226E+01 0.127620977E+01 0.127613956E+01 0.127607196E+01 0.127600967E+01
 0.127595311E+01 0.127590427E+01 0.127586594E+01 0.127583539E+01 0.127581509E+01
 0.127580636E+01 0.127580856E+01 0.127581882E+01 0.127584066E+01 0.127586879E+01
 0.127590530E+01 0.127594569E+01 0.127598733E+01 0.127603180E+01 0.127607303E+01
 0.127610917E+01 0.127613747E+01 0.127615197E+01 0.127615067E+01 0.127613295E+01
 0.127609004E+01 0.127602161E+01 0.127592325E+01 0.127579109E+01 0.127562330E+01
 0.127541550E+01 0.127516610E+01 0.127487383E+01 0.127453595E+01 0.127415081E+01
 0.127371745E+01 0.127323833E+01 0.127271188E+01 0.127213744E+01 0.127151809E+01
 0.127085507E+01 0.127014950E+01 0.126940247E+01 0.126861476E+01 0.126779197E+01
 0.126693761E+01 0.126605564E+01 0.126515099E+01 0.126423086E+01 0.126330218E+01
 0.127439013E+01 0.127550721E+01 0.127607311E+01 0.127637711E+01 0.127655247E+01
 0.127665567E+01 0.127670951E+01 0.127671275E+01 0.127667057E+01 0.127659782E+01
 0.127651007E+01 0.127641500E+01 0.127631365E+01 0.127620934E+01 0.127610342E+01
 0.127599700E+01 0.127589305E+01 0.127579255E+01 0.127569798E+01 0.127561190E+01
 0.127553809E+01 0.127547401E+01 0.127542445E+01 0.127538892E+01 0.127537136E+01
 0.127536960E+01 0.127538328E+01 0.127541384E+01 0.127545908E+01 0.127551814E+01
 0.127558880E+01 0.127566804E+01 0.127575645E+01 0.127584610E+01 0.127593682E+01
 0.127602335E+01 0.127610095E+01 0.127616760E+01 0.127621719E+01 0.127624487E+01
 0.127624687E+01 0.127621575E+01 0.127615148E+01 0.127604716E+01 0.127589611E+01
 0.127569982E+01 0.127545040E+01 0.127514645E+01 0.127478808E+01 0.127436900E+01
 0.127389050E+01 0.127335021E+01 0.127275073E+01 0.127209017E+01 0.127137025E+01
 0.127059557E+01 0.126976495E+01 0.126888434E+01 0.126795566E+01 0.126698531E+01
 0.126597746E+01 0.126494143E+01 0.126388104E+01 0.126280375E+01 0.126171382E+01
 0.127619644E+01 0.127641996E+01 0.127656100E+01 0.127666351E+01 0.127674772E+01
 0.127682637E+01 0.127692055E+01 0.127699087E+01 0.127674568E+01 0.127658266E+01
 0.127643330E+01 0.127628788E+01 0.127614147E+01 0.127599379E+01 0.127584643E+01
 0.127570018E+01 0.127555646E+01 0.127541966E+01 0.127529252E+01 0.127517689E+01
 0.127507603E+01 0.127499334E+01 0.127493056E+01 0.127488944E+01 0.127487151E+01
 0.127487560E+01 0.127490651E+01 0.127495958E+01 0.127503376E+01 0.127513035E+01
 0.127524221E+01 0.127537305E+01 0.127551373E+01 0.127566282E+01 0.127581427E+01
 0.127596622E+01 0.127611033E+01 0.127624360E+01 0.127635572E+01 0.127644638E+01
 0.127650617E+01 0.127653020E+01 0.127651045E+01 0.127644502E+01 0.127632719E+01
 0.127614797E+01 0.127590798E+01 0.127560181E+01 0.127522504E+01 0.127477561E+01
 0.127424960E+01 0.127364875E+01 0.127297119E+01 0.127221966E+01 0.127139179E+01
 0.127049345E+01 0.126952856E+01 0.126849977E+01 0.126741115E+01 0.126627329E+01
 0.126509059E+01 0.126387461E+01 0.126263316E+01 0.126138043E+01 0.126012628E+01
 0.127844007E+01 0.127751763E+01 0.127716059E+01 0.127702219E+01 0.127697038E+01
 0.127695710E+01 0.127695951E+01 0.127689500E+01 0.127671757E+01 0.127652866E+01
 0.127634319E+01 0.127615734E+01 0.127596721E+01 0.127577417E+01 0.127557898E+01
 0.127538330E+01 0.127519221E+01 0.127500891E+01 0.127483823E+01 0.127468401E+01
 0.127455255E+01 0.127444313E+01 0.127436205E+01 0.127431095E+01 0.127429115E+01
 0.127430509E+01 0.127435042E+01 0.127443051E+01 0.127454253E+01 0.127468345E+01
 0.127485155E+01 0.127504136E+01 0.127525052E+01 0.127547270E+01 0.127570408E+01
 0.127593694E+01 0.127616473E+01 0.127638252E+01 0.127657876E+01 0.127675074E+01
 0.127688816E+01 0.127698397E+01 0.127703003E+01 0.127701986E+01 0.127694678E+01
 0.127680230E+01 0.127658321E+01 0.127628172E+01 0.127589347E+01 0.127541717E+01
 0.127484719E+01 0.127418296E+01 0.127342569E+01 0.127257348E+01 0.127162770E+01
 0.127059349E+01 0.126947520E+01 0.126827717E+01 0.126700722E+01 0.126567435E+01
 0.126428725E+01 0.126285827E+01 0.126139595E+01 0.125992081E+01 0.125844922E+01
 0.127719564E+01 0.127725742E+01 0.127723011E+01 0.127717131E+01 0.127709689E+01
 0.127701226E+01 0.127691229E+01 0.127678712E+01 0.127663160E+01 0.127645106E+01
 0.127625059E+01 0.127603349E+01 0.127580027E+01 0.127555521E+01 0.127530149E+01
 0.127504540E+01 0.127479350E+01 0.127454986E+01 0.127432317E+01 0.127411913E+01
 0.127394102E+01 0.127379609E+01 0.127368980E+01 0.127362319E+01 0.127359916E+01
 0.127362019E+01 0.127368769E+01 0.127380003E+01 0.127395669E+01 0.127415286E+01
 0.127438619E+01 0.127465435E+01 0.127494924E+01 0.127526452E+01 0.127559585E+01
 0.127593095E+01 0.127626680E+01 0.127659139E+01 0.127689728E+01 0.127717472E+01
 0.127741371E+01 0.127760442E+01 0.127773990E+01 0.127780616E+01 0.127779723E+01
 0.127770462E+01 0.127752118E+01 0.127723814E+01 0.127685076E+01 0.127635373E+01
 0.127574317E+01 0.127501540E+01 0.127417025E+01 0.127321066E+01 0.127213303E+01
 0.127094669E+01 0.126965350E+01 0.126826213E+01 0.126677951E+01 0.126521856E+01
 0.126358795E+01 0.126190290E+01 0.126017459E+01 0.125841897E+01 0.125664477E+01
 0.127644239E+01 0.127717955E+01 0.127737905E+01 0.127735296E+01 0.127724278E+01
 0.127710356E+01 0.127695309E+01 0.127679297E+01 0.127661789E+01 0.127642408E+01
 0.127620386E+01 0.127595108E+01 0.127566500E+01 0.127535120E+01 0.127502102E+01
 0.127468401E+01 0.127434979E+01 0.127402605E+01 0.127372319E+01 0.127344893E+01
 0.127321183E+01 0.127301840E+01 0.127287481E+01 0.127278660E+01 0.127275469E+01
 0.127278429E+01 0.127287564E+01 0.127302885E+01 0.127323855E+01 0.127350469E+01
 0.127382261E+01 0.127418512E+01 0.127458757E+01 0.127501965E+01 0.127547572E+01
 0.127594283E+01 0.127641453E+01 0.127687719E+01 0.127732254E+01 0.127773685E+01
 0.127810764E+01 0.127842316E+01 0.127867438E+01 0.127884699E+01 0.127892908E+01
 0.127891169E+01 0.127878280E+01 0.127853706E+01 0.127816141E+01 0.127765462E+01
 0.127700683E+01 0.127621537E+01 0.127528109E+01 0.127420233E+01 0.127297912E+01
 0.127161969E+01 0.127012452E+01 0.126850792E+01 0.126677734E+01 0.126494677E+01
 0.126302881E+01 0.126104148E+01 0.125899732E+01 0.125691693E+01 0.125481672E+01
 0.127902183E+01 0.127854181E+01 0.127808713E+01 0.127772437E+01 0.127743523E+01
 0.127720619E+01 0.127701404E+01 0.127683766E+01 0.127666153E+01 0.127647298E+01
 0.127626115E+01 0.127598369E+01 0.127561124E+01 0.127518691E+01 0.127474592E+01
 0.127429606E+01 0.127385158E+01 0.127342103E+01 0.127301476E+01 0.127264582E+01
 0.127232693E+01 0.127206532E+01 0.127187117E+01 0.127175020E+01 0.127170771E+01
 0.127174453E+01 0.127186438E+01 0.127206537E+01 0.127234364E+01 0.127269501E+01
 0.127311695E+01 0.127359904E+01 0.127413609E+01 0.127471426E+01 0.127532688E+01
 0.127596006E+01 0.127660383E+01 0.127724243E+01 0.127786347E+01 0.127845243E+01
 0.127899417E+01 0.127947544E+01 0.127987826E+01 0.128019069E+01 0.128039669E+01
 0.128048552E+01 0.128044046E+01 0.128025320E+01 0.127990957E+01 0.127940422E+01
 0.127872775E+01 0.127787681E+01 0.127684649E+01 0.127563964E+01 0.127425223E+01
 0.127269328E+01 0.127096724E+01 0.126908621E+01 0.126706337E+01 0.126491268E+01
 0.126265292E+01 0.126030347E+01 0.125788763E+01 0.125543007E+01 0.125294817E+01
 0.128174318E+01 0.127958462E+01 0.127844062E+01 0.127779478E+01 0.127742070E+01
 0.127718320E+01 0.127701693E+01 0.127687834E+01 0.127673478E+01 0.127657551E+01
 0.127641824E+01 0.127616293E+01 0.127562517E+01 0.127504978E+01 0.127447077E+01
 0.127388165E+01 0.127328753E+01 0.127270918E+01 0.127216269E+01 0.127166407E+01
 0.127123159E+01 0.127087648E+01 0.127061171E+01 0.127044719E+01 0.127038653E+01
 0.127043426E+01 0.127058671E+01 0.127084760E+01 0.127121085E+01 0.127167232E+01
 0.127222375E+01 0.127285353E+01 0.127355735E+01 0.127431883E+01 0.127512798E+01
 0.127597006E+01 0.127682934E+01 0.127768869E+01 0.127853357E+01 0.127934531E+01
 0.128010542E+01 0.128079667E+01 0.128140126E+01 0.128189758E+01 0.128226950E+01
 0.128250156E+01 0.128257639E+01 0.128247668E+01 0.128219162E+01 0.128170611E+01
 0.128101494E+01 0.128010969E+01 0.127898063E+01 0.127763206E+01 0.127606268E+01
 0.127427541E+01 0.127228272E+01 0.127009059E+01 0.126771925E+01 0.126518370E+01
 0.126250969E+01 0.125972256E+01 0.125685603E+01 0.125394062E+01 0.125101355E+01
 0.127875029E+01 0.127785384E+01 0.127733726E+01 0.127707490E+01 0.127696933E+01
 0.127694698E+01 0.127695337E+01 0.127694495E+01 0.127687757E+01 0.127673669E+01
 0.127648980E+01 0.127611130E+01 0.127558753E+01 0.127494613E+01 0.127422554E+01
 0.127345025E+01 0.127265421E+01 0.127186807E+01 0.127112120E+01 0.127044003E+01
 0.126985140E+01 0.126936999E+01 0.126901222E+01 0.126878918E+01 0.126870394E+01
 0.126876306E+01 0.126896075E+01 0.126929815E+01 0.126976929E+01 0.127036476E+01
 0.127107752E+01 0.127189513E+01 0.127280619E+01 0.127379587E+01 0.127484937E+01
 0.127595003E+01 0.127707973E+01 0.127821611E+01 0.127934242E+01 0.128043570E+01
 0.128147445E+01 0.128243491E+01 0.128329735E+01 0.128403466E+01 0.128462844E+01
 0.128505359E+01 0.128529081E+01 0.128532068E+01 0.128512732E+01 0.128468921E+01
 0.128400208E+01 0.128304818E+01 0.128182390E+01 0.128032446E+01 0.127855130E+01
 0.127650678E+01 0.127419864E+01 0.127164065E+01 0.126884843E+01 0.126584696E+01
 0.126266568E+01 0.125933880E+01 0.125590580E+01 0.125241544E+01 0.124891523E+01
 0.127382984E+01 0.127483559E+01 0.127541269E+01 0.127585062E+01 0.127625372E+01
 0.127663114E+01 0.127695614E+01 0.127718976E+01 0.127728806E+01 0.127722863E+01
 0.127698074E+01 0.127653506E+01 0.127589363E+01 0.127507646E+01 0.127411713E+01
 0.127305779E+01 0.127195302E+01 0.127085677E+01 0.126981873E+01 0.126887991E+01
 0.126807482E+01 0.126742594E+01 0.126694958E+01 0.126665397E+01 0.126654309E+01
 0.126661952E+01 0.126687973E+01 0.126731682E+01 0.126792275E+01 0.126869089E+01
 0.126960674E+01 0.127065501E+01 0.127182638E+01 0.127309808E+01 0.127445491E+01
 0.127587473E+01 0.127733756E+01 0.127881997E+01 0.128029805E+01 0.128174599E+01
 0.128313607E+01 0.128444138E+01 0.128563274E+01 0.128668363E+01 0.128756356E+01
 0.128824686E+01 0.128870824E+01 0.128891797E+01 0.128885937E+01 0.128850722E+01
 0.128784804E+01 0.128686428E+01 0.128554718E+01 0.128389163E+01 0.128189389E+01
 0.127955525E+01 0.127688643E+01 0.127389659E+01 0.127060495E+01 0.126703560E+01
 0.126322491E+01 0.125921545E+01 0.125506168E+01 0.125082547E+01 0.124657414E+01
 0.127182509E+01 0.127286975E+01 0.127376347E+01 0.127467349E+01 0.127560781E+01
 0.127650595E+01 0.127728587E+01 0.127789248E+01 0.127825683E+01 0.127834798E+01
 0.127813787E+01 0.127760985E+01 0.127677230E+01 0.127565264E+01 0.127429747E+01
 0.127277364E+01 0.127116976E+01 0.126959001E+01 0.126812324E+01 0.126682536E+01
 0.126573583E+01 0.126487650E+01 0.126425880E+01 0.126388543E+01 0.126375728E+01
 0.126386892E+01 0.126421413E+01 0.126478606E+01 0.126556889E+01 0.126655166E+01
 0.126772031E+01 0.126905760E+01 0.127054550E+01 0.127216389E+01 0.127389186E+01
 0.127570596E+01 0.127758246E+01 0.127949206E+01 0.128140577E+01 0.128329626E+01
 0.128512712E+01 0.128686706E+01 0.128847987E+01 0.128993186E+01 0.129118707E+01
 0.129220988E+01 0.129296788E+01 0.129342983E+01 0.129356484E+01 0.129334731E+01
 0.129275406E+01 0.129176483E+01 0.129036671E+01 0.128855057E+01 0.128631121E+01
 0.128364905E+01 0.128056880E+01 0.127707893E+01 0.127319743E+01 0.126894258E+01
 0.126435111E+01 0.125947230E+01 0.125437811E+01 0.124916468E+01 0.124395015E+01
 0.127126098E+01 0.127108876E+01 0.127194763E+01 0.127340199E+01 0.127512348E+01
 0.127681204E+01 0.127827821E+01 0.127942629E+01 0.128018162E+01 0.128049408E+01
 0.128035023E+01 0.127971005E+01 0.127857464E+01 0.127698346E+01 0.127498606E+01
 0.127272646E+01 0.127020034E+01 0.126784251E+01 0.126576546E+01 0.126400424E+01
 0.126257568E+01 0.126148094E+01 0.126071923E+01 0.126028328E+01 0.126016158E+01
 0.126034319E+01 0.126081624E+01 0.126156665E+01 0.126257606E+01 0.126383265E+01
 0.126531621E+01 0.126700476E+01 0.126888332E+01 0.127092307E+01 0.127310441E+01
 0.127539817E+01 0.127777799E+01 0.128021155E+01 0.128266439E+01 0.128510357E+01
 0.128748492E+01 0.128977197E+01 0.129192027E+01 0.129388450E+01 0.129562085E+01
 0.129708920E+01 0.129824311E+01 0.129904372E+01 0.129945274E+01 0.129943581E+01
 0.129896128E+01 0.129800440E+01 0.129654404E+01 0.129457025E+01 0.129207594E+01
 0.128905968E+01 0.128552466E+01 0.128148087E+01 0.127693274E+01 0.127187385E+01
 0.126632441E+01 0.126033761E+01 0.125397709E+01 0.124735910E+01 0.124075284E+01
 0.126546345E+01 0.126626996E+01 0.126830050E+01 0.127130356E+01 0.127501690E+01
 0.127819172E+01 0.128024694E+01 0.128242927E+01 0.128372187E+01 0.128398644E+01
 0.128435814E+01 0.128348968E+01 0.128171499E+01 0.127988491E+01 0.127645044E+01
 0.127220817E+01 0.126833694E+01 0.126501604E+01 0.126224560E+01 0.125999725E+01
 0.125823394E+01 0.125693222E+01 0.125606822E+01 0.125561510E+01 0.125555147E+01
 0.125585892E+01 0.125651719E+01 0.125750633E+01 0.125880985E+01 0.126040708E+01
 0.126227544E+01 0.126439624E+01 0.126674198E+01 0.126929059E+01 0.127201484E+01
 0.127488754E+01 0.127787500E+01 0.128094644E+01 0.128405947E+01 0.128717532E+01
 0.129024405E+01 0.129321770E+01 0.129603978E+01 0.129865797E+01 0.130101557E+01
 0.130305932E+01 0.130473446E+01 0.130599200E+01 0.130678106E+01 0.130705355E+01
 0.130676961E+01 0.130589344E+01 0.130439953E+01 0.130227318E+01 0.129950809E+01
 0.129610635E+01 0.129207496E+01 0.128742952E+01 0.128224122E+01 0.127627980E+01
 0.126958309E+01 0.126232119E+01 0.125442949E+01 0.124570668E+01 0.123566984E+01
 0.125441978E+01 0.125781636E+01 0.126166903E+01 0.126641876E+01 0.127240105E+01
 0.127810254E+01 0.127934961E+01 0.128435688E+01 0.128592704E+01 0.128456578E+01
 0.128711653E+01 0.128629207E+01 0.128207020E+01 0.128160726E+01 0.127559866E+01
 0.126937367E+01 0.126431803E+01 0.126020432E+01 0.125689071E+01 0.125427530E+01
 0.125228999E+01 0.125088250E+01 0.125000932E+01 0.124963029E+01 0.124971183E+01
 0.125022324E+01 0.125114218E+01 0.125244571E+01 0.125411730E+01 0.125613198E+01
 0.125847135E+01 0.126110701E+01 0.126401554E+01 0.126716729E+01 0.127053423E+01
 0.127408706E+01 0.127780093E+01 0.128163664E+01 0.128555417E+01 0.128950279E+01
 0.129342729E+01 0.129726113E+01 0.130093629E+01 0.130438477E+01 0.130753545E+01
 0.131032210E+01 0.131267943E+01 0.131454251E+01 0.131585060E+01 0.131654396E+01
 0.131655754E+01 0.131582601E+01 0.131431987E+01 0.131203976E+01 0.130898700E+01
 0.130516399E+01 0.130057078E+01 0.129521380E+01 0.128909451E+01 0.128220060E+01
 0.127453352E+01 0.126612977E+01 0.125700894E+01 0.124727120E+01 0.123747079E+01
 0.124366737E+01 0.124771888E+01 0.125223853E+01 0.125771889E+01 0.126598447E+01
 0.127057077E+01 0.127266224E+01 0.127783758E+01 0.127974342E+01 0.127891033E+01
 0.128128964E+01 0.128048272E+01 0.127644530E+01 0.127539427E+01 0.127103623E+01
 0.126254320E+01 0.125704332E+01 0.125261991E+01 0.124911146E+01 0.124636444E+01
 0.124434689E+01 0.124300744E+01 0.124228199E+01 0.124211564E+01 0.124245107E+01
 0.124325762E+01 0.124451914E+01 0.124621795E+01 0.124834114E+01 0.125086270E+01
 0.125376160E+01 0.125701533E+01 0.126058900E+01 0.126444213E+01 0.126854486E+01
 0.127288428E+01 0.127744326E+01 0.128218639E+01 0.128706930E+01 0.129204258E+01
 0.129703304E+01 0.130196096E+01 0.130672178E+01 0.131121647E+01 0.131537148E+01
 0.131910906E+01 0.132234714E+01 0.132500192E+01 0.132700515E+01 0.132830275E+01
 0.132895675E+01 0.132845058E+01 0.132675522E+01 0.132430301E+01 0.132095307E+01
 0.131667671E+01 0.131147222E+01 0.130534986E+01 0.129832625E+01 0.129042749E+01
 0.128167990E+01 0.127211209E+01 0.126172549E+01 0.125038959E+01 0.123791293E+01
 0.123348902E+01 0.123594978E+01 0.123981334E+01 0.124501432E+01 0.125113881E+01
 0.125639224E+01 0.126003413E+01 0.126363385E+01 0.126594572E+01 0.126684170E+01
 0.126769732E+01 0.126686820E+01 0.126469867E+01 0.126217410E+01 0.125739109E+01
 0.125139698E+01 0.124607838E+01 0.124177004E+01 0.123840823E+01 0.123585570E+01
 0.123408147E+01 0.123303860E+01 0.123267454E+01 0.123294560E+01 0.123366940E+01
 0.123480932E+01 0.123648057E+01 0.123865938E+01 0.124131394E+01 0.124442516E+01
 0.124797775E+01 0.125196570E+01 0.125638337E+01 0.126118364E+01 0.126590181E+01
 0.127109579E+01 0.127661636E+01 0.128241639E+01 0.128845019E+01 0.129466430E+01
 0.130099893E+01 0.130738651E+01 0.131372567E+01 0.131932058E+01 0.132472262E+01
 0.132968683E+01 0.133406646E+01 0.133774075E+01 0.134060689E+01 0.134257679E+01
 0.134355886E+01 0.134338639E+01 0.134201913E+01 0.133952997E+01 0.133591439E+01
 0.133116631E+01 0.132529069E+01 0.131831685E+01 0.131028340E+01 0.130125073E+01
 0.129129007E+01 0.128047239E+01 0.126887876E+01 0.125668553E+01 0.124452307E+01
 0.121830175E+01 0.121976241E+01 0.122312345E+01 0.122811721E+01 0.123622969E+01
 0.124083976E+01 0.124305544E+01 0.124843311E+01 0.125059549E+01 0.125005902E+01
 0.125278339E+01 0.125235462E+01 0.124873412E+01 0.124813814E+01 0.124426672E+01
 0.123629752E+01 0.123135365E+01 0.122751647E+01 0.122463102E+01 0.122259521E+01
 0.122133395E+01 0.122079064E+01 0.122091948E+01 0.122167732E+01 0.122291636E+01
 0.122460887E+01 0.122684438E+01 0.122960798E+01 0.123288025E+01 0.123664624E+01
 0.124089602E+01 0.124562695E+01 0.125082720E+01 0.125636777E+01 0.126217971E+01
 0.126840961E+01 0.127505212E+01 0.128207279E+01 0.128943613E+01 0.129709407E+01
 0.130498730E+01 0.131302639E+01 0.132096942E+01 0.132853911E+01 0.133573417E+01
 0.134238828E+01 0.134830458E+01 0.135331607E+01 0.135729270E+01 0.136012676E+01
 0.136171758E+01 0.136199612E+01 0.136091241E+01 0.135844009E+01 0.135456261E+01
 0.134928400E+01 0.134262327E+01 0.133462029E+01 0.132534645E+01 0.131491624E+01
 0.130347046E+01 0.129115296E+01 0.127806010E+01 0.126412670E+01 0.124919744E+01
 0.119525312E+01 0.119801380E+01 0.120158670E+01 0.120628712E+01 0.121239201E+01
 0.121833636E+01 0.121993446E+01 0.122538948E+01 0.122749157E+01 0.122675085E+01
 0.122999724E+01 0.122993683E+01 0.122654967E+01 0.122699499E+01 0.122195844E+01
 0.121678797E+01 0.121286505E+01 0.120996728E+01 0.120794474E+01 0.120670139E+01
 0.120616861E+01 0.120629545E+01 0.120704100E+01 0.120836453E+01 0.121023327E+01
 0.121262962E+01 0.121554706E+01 0.121898526E+01 0.122294054E+01 0.122740711E+01
 0.123238272E+01 0.123785868E+01 0.124382425E+01 0.125026372E+01 0.125717595E+01
 0.126456892E+01 0.127245481E+01 0.128082857E+01 0.128968013E+01 0.129898546E+01
 0.130869118E+01 0.131871216E+01 0.132889876E+01 0.133903402E+01 0.134880440E+01
 0.135783106E+01 0.136578401E+01 0.137250902E+01 0.137793020E+01 0.138192197E+01
 0.138434535E+01 0.138516978E+01 0.138440288E+01 0.138197320E+01 0.137778989E+01
 0.137186592E+01 0.136426302E+01 0.135497937E+01 0.134403819E+01 0.133165368E+01
 0.131817951E+01 0.130395718E+01 0.128921020E+01 0.127415655E+01 0.125940178E+01
 0.780306216E+01 0.804514284E+01 0.823591621E+01 0.840195558E+01 0.855439706E+01
 0.869836882E+01 0.883662859E+01 0.897088202E+01 0.910227608E+01 0.923166419E+01
 0.935969971E+01 0.948689811E+01 0.961368697E+01 0.974041233E+01 0.986736194E+01
 0.999478806E+01 0.101229143E+02 0.102519342E+02 0.103820339E+02 0.105133864E+02
 0.106461516E+02 0.107804846E+02 0.109165355E+02 0.110544392E+02 0.111943427E+02
 0.113363827E+02 0.114806890E+02 0.116274031E+02 0.117766437E+02 0.119285562E+02
 0.120832639E+02 0.122409066E+02 0.124016149E+02 0.125655264E+02 0.127327805E+02
 0.129035167E+02 0.130778879E+02 0.132560448E+02 0.134381620E+02 0.136244251E+02
 0.138150365E+02 0.140102629E+02 0.142103288E+02 0.144156376E+02 0.146264179E+02
 0.148432216E+02 0.150663465E+02 0.152964146E+02 0.155338747E+02 0.157793592E+02
 0.160337037E+02 0.162973514E+02 0.165717724E+02 0.168576351E+02 0.171565084E+02
 0.174699089E+02 0.177988448E+02 0.181463664E+02 0.185139475E+02 0.189045459E+02
 0.193215926E+02 0.197710660E+02 0.202488852E+02 0.207543672E+02 0.212868559E+02
   89   44
 0.101652425E+01-0.171118866E-01 0.101816039E+01-0.697811355E-05 0.101766502E+01
 0.172309753E-01 0.101521492E+01 0.334751860E-01 0.101119841E+01 0.485914421E-01
 0.100580569E+01 0.624596321E-01 0.999383921E+00 0.750658979E-01 0.992171532E+00
 0.864155753E-01 0.984350688E+00 0.965196770E-01 0.976161807E+00 0.105479991E+00
 0.967722642E+00 0.113338960E+00 0.959100737E+00 0.120091258E+00 0.950521500E+00
 0.125965664E+00 0.942004870E+00 0.130963656E+00 0.933600699E+00 0.135121273E+00
 0.925386297E+00 0.138547536E+00 0.917445853E+00 0.141436081E+00 0.909775231E+00
 0.143799485E+00 0.902387192E+00 0.145692492E+00 0.895287755E+00 0.147151786E+00
 0.888485498E+00 0.148239208E+00 0.881982149E+00 0.149003515E+00 0.875775568E+00
 0.149483334E+00 0.869861603E+00 0.149720250E+00 0.863937047E+00 0.149751057E+00
 0.857696365E+00 0.149552962E+00 0.851131634E+00 0.149083559E+00 0.844238721E+00
 0.148290405E+00 0.837017588E+00 0.147118891E+00 0.829473144E+00 0.145510276E+00
 0.821612914E+00 0.143411111E+00 0.813448758E+00 0.140763799E+00 0.804995214E+00
 0.137511158E+00 0.796294333E+00 0.133548827E+00 0.787424827E+00 0.128740750E+00
 0.778463366E+00 0.122996985E+00 0.769448314E+00 0.116295062E+00 0.760479423E+00
 0.108538390E+00 0.751725905E+00 0.995941656E-01 0.743264639E+00 0.894447369E-01
 0.735320820E+00 0.779746680E-01 0.728035979E+00 0.651622127E-01 0.721666488E+00
 0.509496580E-01 0.716167741E+00 0.353964331E-01 0.712965541E+00 0.182914290E-01
 0.711686435E+00-0.697811355E-05 0.712487833E+00-0.183610992E-01 0.715538922E+00
-0.355552380E-01 0.720482231E+00-0.513708189E-01 0.726717281E+00-0.657821135E-01
 0.733854098E+00-0.788387558E-01 0.741679916E+00-0.905784374E-01 0.750082447E+00
-0.100993734E+00 0.758834569E+00-0.110184616E+00 0.767848477E+00-0.118162004E+00
 0.776938260E+00-0.125063432E+00 0.786042228E+00-0.130914015E+00 0.795070414E+00
-0.135784715E+00 0.803936444E+00-0.139769729E+00 0.812536406E+00-0.143054410E+00
 0.820850107E+00-0.145692494E+00 0.828862741E+00-0.147723480E+00 0.836554871E+00
-0.149205603E+00 0.843904244E+00-0.150240211E+00 0.850908367E+00-0.150874725E+00
 0.857566227E+00-0.151166837E+00 0.863880787E+00-0.151187127E+00 0.869861603E+00
-0.150974210E+00 0.875816735E+00-0.150537902E+00 0.882047187E+00-0.149817045E+00
 0.888548785E+00-0.148756931E+00 0.895319342E+00-0.147348561E+00 0.902352592E+00
-0.145551456E+00 0.909631968E+00-0.143297274E+00 0.917145696E+00-0.140557827E+00
 0.924890399E+00-0.137324045E+00 0.932824496E+00-0.133489661E+00 0.940880503E+00
-0.128936409E+00 0.949013450E+00-0.123624385E+00 0.957190273E+00-0.117534107E+00
 0.965339170E+00-0.110592299E+00 0.973380627E+00-0.102734045E+00 0.981360450E+00
-0.940125403E-01 0.988967918E+00-0.841659012E-01 0.995949852E+00-0.730894217E-01
 0.100253622E+01-0.609712599E-01 0.100833818E+01-0.476219121E-01 0.101311567E+01
-0.330055797E-01 0.101652425E+01-0.171118866E-01
 0.711000000E+02 0.330000000E+01 0.711000000E+02 0.970000000E+01 0.730000000E+02
 0.161000000E+02 0.768000000E+02 0.226000000E+02 0.805000000E+02 0.291000000E+02
 0.843000000E+02 0.356000000E+02 0.880000000E+02 0.422000000E+02 0.935000000E+02
 0.455000000E+02 0.100500000E+03 0.455000000E+02 0.104500000E+03 0.480000000E+02
 0.105600000E+03 0.531000000E+02 0.108100000E+03 0.538000000E+02 0.112100000E+03
 0.499000000E+02 0.117100000E+03 0.485000000E+02 0.123000000E+03 0.496000000E+02
 0.125300000E+03 0.462000000E+02 0.124700000E+03 0.384000000E+02 0.124700000E+03
 0.297000000E+02 0.125400000E+03 0.222000000E+02 0.126600000E+03 0.174000000E+02
 0.127900000E+03 0.125000000E+02 0.128500000E+03 0.510000000E+01 0.128500000E+03
-0.520000000E+01 0.127800000E+03-0.128000000E+02 0.126500000E+03-0.176000000E+02
 0.125300000E+03-0.223000000E+02 0.124700000E+03-0.284000000E+02 0.124700000E+03
-0.359000000E+02 0.124700000E+03-0.419000000E+02 0.124900000E+03-0.470000000E+02
 0.122200000E+03-0.493000000E+02 0.116700000E+03-0.484000000E+02 0.112000000E+03
-0.500000000E+02 0.107900000E+03-0.541000000E+02 0.104800000E+03-0.508000000E+02
 0.100000000E+03-0.455000000E+02 0.931000000E+02-0.455000000E+02 0.881000000E+02
-0.423000000E+02 0.837000000E+02-0.347000000E+02 0.787000000E+02-0.260000000E+02
 0.737000000E+02-0.173000000E+02 0.711000000E+02-0.910000000E+01 0.711000000E+02
-0.270000000E+01 0.711000000E+02 0.330000000E+01
