 disr    860     msec    nw      nh      vde       0  65  65
 0.700000000E+00 0.128000000E+01 0.100000000E+01 0.640000000E+00 0.000000000E+00
 0.932864350E+00 0.478425700E-06 0.802818553E+00 0.736893134E+00 0.300000000E+01
 0.401434115E+06 0.802818553E+00 0.000000000E+00 0.932864350E+00 0.000000000E+00
 0.478425700E-06 0.000000000E+00 0.736893134E+00 0.000000000E+00 0.000000000E+00
 0.309137895E+01 0.308763110E+01 0.308415712E+01 0.308086397E+01 0.307771133E+01
 0.307467776E+01 0.307174948E+01 0.306891676E+01 0.306617239E+01 0.306351074E+01
 0.306092729E+01 0.305841832E+01 0.305598070E+01 0.305361177E+01 0.305130922E+01
 0.304907101E+01 0.304689537E+01 0.304478068E+01 0.304272551E+01 0.304072858E+01
 0.303878870E+01 0.303690479E+01 0.303507589E+01 0.303330106E+01 0.303157947E+01
 0.302991034E+01 0.302829293E+01 0.302672656E+01 0.302521057E+01 0.302374435E+01
 0.302232733E+01 0.302095895E+01 0.301963868E+01 0.301836600E+01 0.301714044E+01
 0.301596150E+01 0.301482874E+01 0.301374168E+01 0.301269989E+01 0.301170293E+01
 0.301075037E+01 0.300984176E+01 0.300897668E+01 0.300815465E+01 0.300737526E+01
 0.300663800E+01 0.300594243E+01 0.300528802E+01 0.300467429E+01 0.300410074E+01
 0.300356683E+01 0.300307211E+01 0.300261601E+01 0.300219814E+01 0.300181785E+01
 0.300147430E+01 0.300116657E+01 0.300089540E+01 0.300066082E+01 0.300046310E+01
 0.300030272E+01 0.300018593E+01 0.300010036E+01 0.300004022E+01 0.300000000E+01
 0.121115688E+04 0.120060755E+04 0.118942825E+04 0.117783961E+04 0.116591923E+04
 0.115370819E+04 0.114123221E+04 0.112850824E+04 0.111554872E+04 0.110236288E+04
 0.108895774E+04 0.107533824E+04 0.106150757E+04 0.104746808E+04 0.103322168E+04
 0.101876962E+04 0.100411234E+04 0.989249912E+03 0.974181987E+03 0.958907692E+03
 0.943425504E+03 0.927733833E+03 0.911831059E+03 0.895714375E+03 0.879381283E+03
 0.862828824E+03 0.846053436E+03 0.829052133E+03 0.811820141E+03 0.794353778E+03
 0.776648083E+03 0.758698593E+03 0.740499706E+03 0.722045801E+03 0.703330663E+03
 0.684347801E+03 0.665090859E+03 0.645552359E+03 0.625724542E+03 0.605598631E+03
 0.585163971E+03 0.564410784E+03 0.543325634E+03 0.521898493E+03 0.500113029E+03
 0.477958761E+03 0.455418086E+03 0.432477960E+03 0.409122377E+03 0.385335406E+03
 0.361102872E+03 0.336409901E+03 0.311261352E+03 0.285608385E+03 0.259424718E+03
 0.232671963E+03 0.205286114E+03 0.176944624E+03 0.148130088E+03 0.118380458E+03
 0.879202707E+02 0.603612922E+02 0.377693861E+02 0.221102726E+02 0.152554781E+02
 0.123130940E+02 0.108503229E+02 0.101888355E+02 0.970743105E+01 0.931149687E+01
 0.896696651E+01 0.865799636E+01 0.837465155E+01 0.811100289E+01 0.786308384E+01
 0.762805630E+01 0.740374189E+01 0.718854881E+01 0.698131579E+01 0.678108333E+01
 0.658669079E+01 0.639782987E+01 0.621399886E+01 0.603464275E+01 0.585899415E+01
 0.568722826E+01 0.551895559E+01 0.535347734E+01 0.519117251E+01 0.503139931E+01
 0.487411068E+01 0.471947455E+01 0.456658382E+01 0.441620603E+01 0.426744922E+01
 0.412085216E+01 0.397591402E+01 0.383278208E+01 0.369124479E+01 0.355132974E+01
 0.341297042E+01 0.327613073E+01 0.314075384E+01 0.300685204E+01 0.287428817E+01
 0.274323113E+01 0.261344601E+01 0.248519887E+01 0.235829030E+01 0.223284904E+01
 0.210897690E+01 0.198648446E+01 0.186567114E+01 0.174633130E+01 0.162851425E+01
 0.151256560E+01 0.139777076E+01 0.128481605E+01 0.117302844E+01 0.106303321E+01
 0.955031522E+00 0.848007287E+00 0.745865452E+00 0.645005383E+00 0.537332190E+00
 0.415106899E+00 0.293895979E+00 0.190274024E+00 0.947594665E-01-0.000000000E+00
 0.989415583E+04 0.106404044E+05 0.111019020E+05 0.114529634E+05 0.117524402E+05
 0.120208063E+05 0.122696438E+05 0.125044342E+05 0.127287249E+05 0.129453626E+05
 0.131560939E+05 0.133630504E+05 0.135673639E+05 0.137692474E+05 0.139691971E+05
 0.141700666E+05 0.143701083E+05 0.145694364E+05 0.147690326E+05 0.149719616E+05
 0.151747872E+05 0.153783482E+05 0.155867299E+05 0.157951649E+05 0.160076050E+05
 0.162235078E+05 0.164396141E+05 0.166644557E+05 0.168885724E+05 0.171212666E+05
 0.173552746E+05 0.175959618E+05 0.178411059E+05 0.180925634E+05 0.183502199E+05
 0.186137140E+05 0.188844731E+05 0.191620460E+05 0.194476679E+05 0.197437515E+05
 0.200467056E+05 0.203667230E+05 0.206887107E+05 0.210365592E+05 0.213803858E+05
 0.217584475E+05 0.221350538E+05 0.225358081E+05 0.229478269E+05 0.233692651E+05
 0.238185997E+05 0.242634628E+05 0.247398320E+05 0.252159299E+05 0.257496808E+05
 0.263604653E+05 0.269657220E+05 0.276837243E+05 0.284071641E+05 0.286684203E+05
 0.280094125E+05 0.273558740E+05 0.201018934E+05 0.100110601E+05-0.000000000E+00
 0.620367643E+00 0.622462623E+00 0.624992988E+00 0.628123286E+00 0.632007580E+00
 0.635742825E+00 0.636919794E+00 0.640256778E+00 0.641607223E+00 0.641256237E+00
 0.643140742E+00 0.643060433E+00 0.641002376E+00 0.641084623E+00 0.637946064E+00
 0.634661633E+00 0.632025033E+00 0.629906325E+00 0.628220680E+00 0.626912902E+00
 0.625943263E+00 0.625281498E+00 0.624896123E+00 0.624749364E+00 0.624804863E+00
 0.625050623E+00 0.625500261E+00 0.626166665E+00 0.627055309E+00 0.628163601E+00
 0.629487315E+00 0.631014391E+00 0.632725976E+00 0.634592572E+00 0.636606681E+00
 0.638785476E+00 0.641149118E+00 0.643706486E+00 0.646455218E+00 0.649385169E+00
 0.652469934E+00 0.655662473E+00 0.658885278E+00 0.662044202E+00 0.665029831E+00
 0.667714147E+00 0.669979379E+00 0.671764831E+00 0.673038157E+00 0.673748394E+00
 0.673844202E+00 0.673316625E+00 0.672169624E+00 0.670373530E+00 0.667891910E+00
 0.664728920E+00 0.660909404E+00 0.656434711E+00 0.651317546E+00 0.645641653E+00
 0.639548327E+00 0.633168175E+00 0.626593441E+00 0.619903892E+00 0.613306648E+00
 0.633589524E+00 0.635118841E+00 0.637631666E+00 0.641003096E+00 0.646103496E+00
 0.649127167E+00 0.650714124E+00 0.654062492E+00 0.655502539E+00 0.655331097E+00
 0.656977241E+00 0.656749592E+00 0.654624191E+00 0.654176888E+00 0.651779575E+00
 0.646954917E+00 0.643798243E+00 0.641203400E+00 0.639084035E+00 0.637387828E+00
 0.636077291E+00 0.635129884E+00 0.634530471E+00 0.634238607E+00 0.634000668E+00
 0.633799722E+00 0.633855846E+00 0.634179508E+00 0.634752055E+00 0.635560804E+00
 0.636600814E+00 0.637876480E+00 0.639377532E+00 0.640920320E+00 0.642365537E+00
 0.643968503E+00 0.645774005E+00 0.647759771E+00 0.649908325E+00 0.652200658E+00
 0.654620106E+00 0.657133347E+00 0.659544472E+00 0.661586830E+00 0.663452257E+00
 0.665147187E+00 0.666588028E+00 0.667693233E+00 0.668380471E+00 0.668589125E+00
 0.668307632E+00 0.667528441E+00 0.666229041E+00 0.664387223E+00 0.661986420E+00
 0.659026454E+00 0.655518490E+00 0.651484502E+00 0.646958045E+00 0.641986535E+00
 0.636628423E+00 0.630939638E+00 0.624962399E+00 0.618682142E+00 0.612055712E+00
 0.642854498E+00 0.644937560E+00 0.647759757E+00 0.651284595E+00 0.655282908E+00
 0.658723732E+00 0.661181751E+00 0.663559637E+00 0.665141238E+00 0.665852551E+00
 0.666484814E+00 0.666091312E+00 0.664870747E+00 0.663389800E+00 0.660549079E+00
 0.656944552E+00 0.653647410E+00 0.650833246E+00 0.648470435E+00 0.646523208E+00
 0.644967411E+00 0.643786828E+00 0.642979969E+00 0.642785369E+00 0.642299358E+00
 0.641545801E+00 0.641328857E+00 0.641390854E+00 0.641695982E+00 0.642227587E+00
 0.642979249E+00 0.643961920E+00 0.645202154E+00 0.646607027E+00 0.647386723E+00
 0.648528853E+00 0.649863265E+00 0.651348373E+00 0.652957109E+00 0.654670496E+00
 0.656478204E+00 0.658385131E+00 0.660335268E+00 0.661387493E+00 0.662494893E+00
 0.663507860E+00 0.664351726E+00 0.665080426E+00 0.665286657E+00 0.665024149E+00
 0.664413627E+00 0.663444801E+00 0.662063605E+00 0.660224565E+00 0.657892207E+00
 0.655068650E+00 0.651786812E+00 0.648077367E+00 0.643965047E+00 0.639475983E+00
 0.634636671E+00 0.629473820E+00 0.624017438E+00 0.618330554E+00 0.612622438E+00
 0.649581803E+00 0.652492624E+00 0.655670107E+00 0.659369856E+00 0.664635704E+00
 0.667734911E+00 0.669347565E+00 0.672683264E+00 0.674084463E+00 0.673855742E+00
 0.675423126E+00 0.675104877E+00 0.672878156E+00 0.672324189E+00 0.669826944E+00
 0.664915037E+00 0.661666207E+00 0.658870626E+00 0.656388033E+00 0.654280713E+00
 0.652559181E+00 0.651187007E+00 0.650117443E+00 0.649295386E+00 0.648660327E+00
 0.648191361E+00 0.647905255E+00 0.647812751E+00 0.647913666E+00 0.648196262E+00
 0.648648600E+00 0.649253319E+00 0.649976870E+00 0.650772347E+00 0.651615355E+00
 0.652524187E+00 0.653515974E+00 0.654587148E+00 0.655723845E+00 0.656905503E+00
 0.658098834E+00 0.659257590E+00 0.660311507E+00 0.661208606E+00 0.661939249E+00
 0.662503486E+00 0.662882146E+00 0.663037987E+00 0.662916713E+00 0.662479246E+00
 0.661735645E+00 0.660700227E+00 0.659379287E+00 0.657721977E+00 0.655397764E+00
 0.652541959E+00 0.649375280E+00 0.645901678E+00 0.642111705E+00 0.638005160E+00
 0.633584662E+00 0.628853087E+00 0.623807847E+00 0.618407917E+00 0.612596000E+00
 0.656558433E+00 0.659153034E+00 0.661998399E+00 0.665328033E+00 0.669325396E+00
 0.673114769E+00 0.674290180E+00 0.677579142E+00 0.678838564E+00 0.678358048E+00
 0.680076815E+00 0.679800238E+00 0.677520370E+00 0.677361925E+00 0.673986032E+00
 0.670495384E+00 0.667980630E+00 0.665367582E+00 0.662766179E+00 0.660640705E+00
 0.658917381E+00 0.657508960E+00 0.656366010E+00 0.655447408E+00 0.654726544E+00
 0.654182508E+00 0.653805634E+00 0.653588421E+00 0.653524846E+00 0.653604184E+00
 0.653814852E+00 0.654140265E+00 0.654562768E+00 0.655063982E+00 0.655630145E+00
 0.656251634E+00 0.656923938E+00 0.657636079E+00 0.658374234E+00 0.659118912E+00
 0.659843881E+00 0.660518302E+00 0.661109887E+00 0.661590234E+00 0.661935065E+00
 0.662124090E+00 0.662137519E+00 0.661951797E+00 0.661543554E+00 0.660898134E+00
 0.660007801E+00 0.658878819E+00 0.657530569E+00 0.656182343E+00 0.653660310E+00
 0.650895344E+00 0.647911711E+00 0.644688633E+00 0.641207971E+00 0.637461746E+00
 0.633438762E+00 0.629123714E+00 0.624502772E+00 0.619609310E+00 0.614641784E+00
 0.663675364E+00 0.664963688E+00 0.666867932E+00 0.669265479E+00 0.672015235E+00
 0.674402355E+00 0.676091110E+00 0.677807411E+00 0.678955195E+00 0.679463388E+00
 0.679975108E+00 0.679717058E+00 0.678876576E+00 0.677943028E+00 0.676024854E+00
 0.673597052E+00 0.671345857E+00 0.669288342E+00 0.667387707E+00 0.665679102E+00
 0.664187016E+00 0.662907548E+00 0.661825883E+00 0.660924163E+00 0.660186718E+00
 0.659601749E+00 0.659156937E+00 0.658843832E+00 0.658653439E+00 0.658576655E+00
 0.658601063E+00 0.658717002E+00 0.658909568E+00 0.659167740E+00 0.659478910E+00
 0.659832445E+00 0.660215910E+00 0.660618400E+00 0.661023904E+00 0.661416470E+00
 0.661775894E+00 0.662081969E+00 0.662311276E+00 0.662443110E+00 0.662457109E+00
 0.662334052E+00 0.662055505E+00 0.661604498E+00 0.660965328E+00 0.660121703E+00
 0.659064948E+00 0.657780490E+00 0.656248922E+00 0.654436472E+00 0.652310218E+00
 0.649880382E+00 0.647182562E+00 0.644246197E+00 0.641087931E+00 0.637720899E+00
 0.634150358E+00 0.630332502E+00 0.626111517E+00 0.621441511E+00 0.616303622E+00
 0.668213084E+00 0.668988434E+00 0.670267661E+00 0.671818684E+00 0.673466767E+00
 0.675043672E+00 0.676440042E+00 0.677610288E+00 0.678503386E+00 0.679090730E+00
 0.679360471E+00 0.679282355E+00 0.678845033E+00 0.678060476E+00 0.676939737E+00
 0.675576057E+00 0.674104539E+00 0.672630347E+00 0.671212050E+00 0.669887111E+00
 0.668677633E+00 0.667595618E+00 0.666643260E+00 0.665819091E+00 0.665116746E+00
 0.664530742E+00 0.664053912E+00 0.663679092E+00 0.663398607E+00 0.663204191E+00
 0.663088003E+00 0.663039010E+00 0.663048970E+00 0.663105944E+00 0.663200646E+00
 0.663321877E+00 0.663458652E+00 0.663598607E+00 0.663728123E+00 0.663834361E+00
 0.663899838E+00 0.663910032E+00 0.663847945E+00 0.663695647E+00 0.663437028E+00
 0.663057956E+00 0.662541370E+00 0.661874295E+00 0.661043010E+00 0.660035670E+00
 0.658839856E+00 0.657443903E+00 0.655835397E+00 0.654004030E+00 0.651943497E+00
 0.649656071E+00 0.647153874E+00 0.644452854E+00 0.641571399E+00 0.638537807E+00
 0.635404207E+00 0.632340927E+00 0.628617000E+00 0.624265364E+00 0.620161517E+00
 0.670227897E+00 0.671596680E+00 0.672869031E+00 0.674116997E+00 0.675338607E+00
 0.676493742E+00 0.677543082E+00 0.678443242E+00 0.679167677E+00 0.679690095E+00
 0.679997105E+00 0.680070313E+00 0.679885037E+00 0.679413079E+00 0.678677946E+00
 0.677762856E+00 0.676749385E+00 0.675697634E+00 0.674650666E+00 0.673639061E+00
 0.672683951E+00 0.671799928E+00 0.670995473E+00 0.670272866E+00 0.669633128E+00
 0.669074238E+00 0.668592686E+00 0.668185415E+00 0.667845029E+00 0.667566238E+00
 0.667342987E+00 0.667166492E+00 0.667029044E+00 0.666922199E+00 0.666837038E+00
 0.666764522E+00 0.666694350E+00 0.666615382E+00 0.666516182E+00 0.666386966E+00
 0.666212617E+00 0.665982165E+00 0.665680275E+00 0.665296079E+00 0.664814715E+00
 0.664225142E+00 0.663513926E+00 0.662670756E+00 0.661684325E+00 0.660544364E+00
 0.659243298E+00 0.657771407E+00 0.656122990E+00 0.654293135E+00 0.652280489E+00
 0.650087254E+00 0.647719101E+00 0.645185849E+00 0.642499484E+00 0.639670715E+00
 0.636704198E+00 0.633582899E+00 0.630275117E+00 0.626813740E+00 0.623285562E+00
 0.673079394E+00 0.674425701E+00 0.675531662E+00 0.676536420E+00 0.677484765E+00
 0.678378191E+00 0.679200090E+00 0.679926532E+00 0.680543130E+00 0.681036951E+00
 0.681408051E+00 0.681685999E+00 0.682107792E+00 0.681833087E+00 0.680944864E+00
 0.680206355E+00 0.679454606E+00 0.678686532E+00 0.677912330E+00 0.677147388E+00
 0.676406141E+00 0.675699559E+00 0.675036132E+00 0.674418823E+00 0.673851912E+00
 0.673335950E+00 0.672868986E+00 0.672448660E+00 0.672071837E+00 0.671734476E+00
 0.671431256E+00 0.671155446E+00 0.670901603E+00 0.670662056E+00 0.670430115E+00
 0.670196888E+00 0.669954520E+00 0.669693554E+00 0.669406083E+00 0.669081158E+00
 0.668708869E+00 0.668279174E+00 0.667781155E+00 0.667204861E+00 0.666539937E+00
 0.665776546E+00 0.664906109E+00 0.663917071E+00 0.662804522E+00 0.661558339E+00
 0.660174254E+00 0.658645137E+00 0.656968027E+00 0.655141162E+00 0.653163347E+00
 0.651037048E+00 0.648767285E+00 0.646358437E+00 0.643819789E+00 0.641157016E+00
 0.638377164E+00 0.635485743E+00 0.632494845E+00 0.629421702E+00 0.626288583E+00
 0.677519933E+00 0.677925937E+00 0.678488983E+00 0.679145019E+00 0.679844658E+00
 0.680544187E+00 0.681215209E+00 0.681830638E+00 0.682373955E+00 0.682832574E+00
 0.683203434E+00 0.683490384E+00 0.683667107E+00 0.683564626E+00 0.683180858E+00
 0.682708305E+00 0.682198239E+00 0.681661423E+00 0.681105382E+00 0.680541592E+00
 0.679978783E+00 0.679425393E+00 0.678887728E+00 0.678371376E+00 0.677878508E+00
 0.677411619E+00 0.676968784E+00 0.676550974E+00 0.676154411E+00 0.675776986E+00
 0.675414333E+00 0.675062052E+00 0.674715583E+00 0.674368519E+00 0.674015507E+00
 0.673650645E+00 0.673266425E+00 0.672854283E+00 0.672409097E+00 0.671921554E+00
 0.671383827E+00 0.670788537E+00 0.670126745E+00 0.669390211E+00 0.668572039E+00
 0.667664003E+00 0.666658859E+00 0.665550048E+00 0.664331660E+00 0.662997385E+00
 0.661544594E+00 0.659967759E+00 0.658265528E+00 0.656437545E+00 0.654484105E+00
 0.652406948E+00 0.650209475E+00 0.647897592E+00 0.645477206E+00 0.642956609E+00
 0.640345323E+00 0.637657065E+00 0.634909083E+00 0.632128074E+00 0.629349675E+00
 0.681156101E+00 0.680940665E+00 0.681196465E+00 0.681669115E+00 0.682241503E+00
 0.682850616E+00 0.683451859E+00 0.684018953E+00 0.684525433E+00 0.684953975E+00
 0.685293389E+00 0.685532398E+00 0.685656564E+00 0.685652017E+00 0.685524839E+00
 0.685302927E+00 0.685011881E+00 0.684673799E+00 0.684301397E+00 0.683904458E+00
 0.683492477E+00 0.683071101E+00 0.682645792E+00 0.682221445E+00 0.681799879E+00
 0.681382628E+00 0.680970211E+00 0.680562140E+00 0.680157706E+00 0.679753750E+00
 0.679348508E+00 0.678936390E+00 0.678516489E+00 0.678082759E+00 0.677630988E+00
 0.677155915E+00 0.676652363E+00 0.676114401E+00 0.675535857E+00 0.674911157E+00
 0.674233967E+00 0.673498248E+00 0.672698088E+00 0.671825533E+00 0.670876878E+00
 0.669845469E+00 0.668726651E+00 0.667514361E+00 0.666205211E+00 0.664794454E+00
 0.663280378E+00 0.661660517E+00 0.659933672E+00 0.658099510E+00 0.656159524E+00
 0.654115149E+00 0.651971206E+00 0.649731264E+00 0.647401713E+00 0.644989768E+00
 0.642504785E+00 0.639959174E+00 0.637369591E+00 0.634758936E+00 0.632164338E+00
 0.682108661E+00 0.682723685E+00 0.683325007E+00 0.683944880E+00 0.684581614E+00
 0.685221525E+00 0.685848865E+00 0.686440366E+00 0.686966606E+00 0.687398353E+00
 0.687726909E+00 0.687960686E+00 0.688110620E+00 0.688179576E+00 0.688173574E+00
 0.688098350E+00 0.687964643E+00 0.687782043E+00 0.687558225E+00 0.687301423E+00
 0.687016841E+00 0.686709513E+00 0.686383896E+00 0.686042647E+00 0.685687340E+00
 0.685319109E+00 0.684939825E+00 0.684547276E+00 0.684141739E+00 0.683720818E+00
 0.683283367E+00 0.682826014E+00 0.682346877E+00 0.681841070E+00 0.681306734E+00
 0.680738832E+00 0.680134617E+00 0.679488322E+00 0.678796206E+00 0.678053856E+00
 0.677256648E+00 0.676400019E+00 0.675478977E+00 0.674489304E+00 0.673426610E+00
 0.672287961E+00 0.671067864E+00 0.669764535E+00 0.668373682E+00 0.666894429E+00
 0.665323748E+00 0.663661678E+00 0.661906761E+00 0.660061380E+00 0.658123873E+00
 0.656099817E+00 0.653990301E+00 0.651800383E+00 0.649534930E+00 0.647199345E+00
 0.644800716E+00 0.642345667E+00 0.639840622E+00 0.637290983E+00 0.634691876E+00
 0.683282129E+00 0.684482830E+00 0.685400759E+00 0.686195599E+00 0.686939208E+00
 0.687663675E+00 0.688383869E+00 0.689105474E+00 0.689785365E+00 0.690234868E+00
 0.690477662E+00 0.690673028E+00 0.690839775E+00 0.690967653E+00 0.691050634E+00
 0.691085261E+00 0.691072546E+00 0.691014151E+00 0.690914172E+00 0.690776128E+00
 0.690602116E+00 0.690395704E+00 0.690158994E+00 0.689893854E+00 0.689600337E+00
 0.689280308E+00 0.688933876E+00 0.688560055E+00 0.688158323E+00 0.687727465E+00
 0.687266318E+00 0.686771793E+00 0.686243522E+00 0.685678345E+00 0.685073202E+00
 0.684425481E+00 0.683733500E+00 0.682992168E+00 0.682200647E+00 0.681354769E+00
 0.680450609E+00 0.679485494E+00 0.678457807E+00 0.677362907E+00 0.676198453E+00
 0.674961776E+00 0.673650219E+00 0.672262911E+00 0.670796528E+00 0.669251338E+00
 0.667625879E+00 0.665919365E+00 0.664133270E+00 0.662268178E+00 0.660325901E+00
 0.658308113E+00 0.656218089E+00 0.654059818E+00 0.651836783E+00 0.649553864E+00
 0.647215117E+00 0.644825765E+00 0.642384872E+00 0.639894944E+00 0.637349930E+00
 0.686230263E+00 0.687050557E+00 0.687837385E+00 0.688612829E+00 0.689382999E+00
 0.690152994E+00 0.690935558E+00 0.691760934E+00 0.692806230E+00 0.693310770E+00
 0.693273142E+00 0.693485048E+00 0.693710377E+00 0.693918838E+00 0.694095355E+00
 0.694233395E+00 0.694330023E+00 0.694383350E+00 0.694393440E+00 0.694361884E+00
 0.694288089E+00 0.694173198E+00 0.694019128E+00 0.693824361E+00 0.693589968E+00
 0.693317047E+00 0.693004194E+00 0.692650106E+00 0.692255695E+00 0.691818823E+00
 0.691338782E+00 0.690813989E+00 0.690243352E+00 0.689624696E+00 0.688957608E+00
 0.688237739E+00 0.687466415E+00 0.686640329E+00 0.685757860E+00 0.684816637E+00
 0.683815343E+00 0.682751814E+00 0.681625195E+00 0.680431694E+00 0.679171961E+00
 0.677843762E+00 0.676446159E+00 0.674977857E+00 0.673438955E+00 0.671828245E+00
 0.670145728E+00 0.668393226E+00 0.666570049E+00 0.664678303E+00 0.662720199E+00
 0.660697684E+00 0.658613558E+00 0.656471612E+00 0.654275038E+00 0.652028364E+00
 0.649734536E+00 0.647399626E+00 0.645025359E+00 0.642611085E+00 0.640148748E+00
 0.689407704E+00 0.689720094E+00 0.690346019E+00 0.691090359E+00 0.691872924E+00
 0.692659478E+00 0.693432877E+00 0.694177023E+00 0.694857106E+00 0.695431264E+00
 0.695901257E+00 0.696304852E+00 0.696666399E+00 0.696991783E+00 0.697280339E+00
 0.697528591E+00 0.697735381E+00 0.697897310E+00 0.698014032E+00 0.698082912E+00
 0.698105786E+00 0.698078806E+00 0.698003160E+00 0.697877840E+00 0.697701467E+00
 0.697474811E+00 0.697194946E+00 0.696863113E+00 0.696477284E+00 0.696037022E+00
 0.695541834E+00 0.694989654E+00 0.694379809E+00 0.693712634E+00 0.692986986E+00
 0.692201420E+00 0.691354841E+00 0.690448104E+00 0.689478415E+00 0.688447260E+00
 0.687353017E+00 0.686194994E+00 0.684971984E+00 0.683684924E+00 0.682332880E+00
 0.680915077E+00 0.679431999E+00 0.677883907E+00 0.676270436E+00 0.674592481E+00
 0.672850204E+00 0.671045926E+00 0.669180124E+00 0.667254963E+00 0.665271682E+00
 0.663233534E+00 0.661142693E+00 0.659002626E+00 0.656817453E+00 0.654590963E+00
 0.652328959E+00 0.650036797E+00 0.647723396E+00 0.645402109E+00 0.643088507E+00
 0.690702373E+00 0.691671387E+00 0.692609483E+00 0.693526467E+00 0.694411882E+00
 0.695253604E+00 0.696049226E+00 0.696797241E+00 0.697494814E+00 0.698137616E+00
 0.698725091E+00 0.699262594E+00 0.699754333E+00 0.700203724E+00 0.700611166E+00
 0.700975515E+00 0.701297226E+00 0.701571143E+00 0.701795154E+00 0.701967175E+00
 0.702084542E+00 0.702145999E+00 0.702149521E+00 0.702092942E+00 0.701975635E+00
 0.701794600E+00 0.701550523E+00 0.701241069E+00 0.700865236E+00 0.700422730E+00
 0.699912007E+00 0.699333997E+00 0.698687119E+00 0.697971708E+00 0.697187623E+00
 0.696336294E+00 0.695416769E+00 0.694429586E+00 0.693374013E+00 0.692253118E+00
 0.691065598E+00 0.689812660E+00 0.688493994E+00 0.687112078E+00 0.685666538E+00
 0.684157547E+00 0.682587787E+00 0.680957123E+00 0.679266396E+00 0.677517729E+00
 0.675710707E+00 0.673848815E+00 0.671933431E+00 0.669966202E+00 0.667948619E+00
 0.665883910E+00 0.663775221E+00 0.661624575E+00 0.659435433E+00 0.657212288E+00
 0.654959263E+00 0.652684044E+00 0.650393731E+00 0.648105077E+00 0.645847217E+00
 0.692193298E+00 0.693719599E+00 0.694982478E+00 0.696118391E+00 0.697150875E+00
 0.698053693E+00 0.698858905E+00 0.699619667E+00 0.700355234E+00 0.701065599E+00
 0.701745846E+00 0.702392356E+00 0.703002293E+00 0.703573583E+00 0.704103543E+00
 0.704591210E+00 0.705032590E+00 0.705423470E+00 0.705760094E+00 0.706037975E+00
 0.706255973E+00 0.706408255E+00 0.706494166E+00 0.706509255E+00 0.706452586E+00
 0.706320607E+00 0.706112760E+00 0.705825995E+00 0.705460447E+00 0.705015423E+00
 0.704489609E+00 0.703883570E+00 0.703197878E+00 0.702432092E+00 0.701588314E+00
 0.700667510E+00 0.699670363E+00 0.698598885E+00 0.697455114E+00 0.696239854E+00
 0.694956163E+00 0.693603574E+00 0.692186633E+00 0.690705692E+00 0.689161902E+00
 0.687558932E+00 0.685896692E+00 0.684177775E+00 0.682404755E+00 0.680578819E+00
 0.678701264E+00 0.676775000E+00 0.674801487E+00 0.672784003E+00 0.670723062E+00
 0.668622757E+00 0.666484433E+00 0.664311330E+00 0.662105447E+00 0.659869890E+00
 0.657607065E+00 0.655320558E+00 0.653010686E+00 0.650675944E+00 0.648306873E+00
 0.695359044E+00 0.696527146E+00 0.697716796E+00 0.698999865E+00 0.700383620E+00
 0.701358721E+00 0.701795931E+00 0.702547405E+00 0.703336379E+00 0.704130221E+00
 0.704913193E+00 0.705674798E+00 0.706408308E+00 0.707107314E+00 0.707768994E+00
 0.708388205E+00 0.708958216E+00 0.709474332E+00 0.709931208E+00 0.710324440E+00
 0.710648693E+00 0.710900274E+00 0.711074354E+00 0.711167285E+00 0.711175295E+00
 0.711095041E+00 0.710925838E+00 0.710663330E+00 0.710307570E+00 0.709857493E+00
 0.709314059E+00 0.708676413E+00 0.707945859E+00 0.707124415E+00 0.706214319E+00
 0.705217309E+00 0.704136042E+00 0.702973268E+00 0.701731990E+00 0.700416052E+00
 0.699026592E+00 0.697568825E+00 0.696044141E+00 0.694456337E+00 0.692808165E+00
 0.691101950E+00 0.689340568E+00 0.687527437E+00 0.685664013E+00 0.683753136E+00
 0.681796682E+00 0.679798894E+00 0.677760097E+00 0.675682731E+00 0.673570551E+00
 0.671425468E+00 0.669248629E+00 0.667043105E+00 0.664811028E+00 0.662553228E+00
 0.660272618E+00 0.657967758E+00 0.655636886E+00 0.653275490E+00 0.650874522E+00
 0.698645428E+00 0.699299624E+00 0.700296700E+00 0.701438277E+00 0.702588739E+00
 0.703600520E+00 0.704518736E+00 0.705432751E+00 0.706355093E+00 0.707278739E+00
 0.708193099E+00 0.709090221E+00 0.709963632E+00 0.710806678E+00 0.711613947E+00
 0.712376995E+00 0.713088876E+00 0.713743689E+00 0.714335068E+00 0.714855505E+00
 0.715298933E+00 0.715659966E+00 0.715932553E+00 0.716110455E+00 0.716189560E+00
 0.716166628E+00 0.716037390E+00 0.715800020E+00 0.715453312E+00 0.714995216E+00
 0.714428499E+00 0.713752710E+00 0.712970385E+00 0.712083068E+00 0.711096434E+00
 0.710011743E+00 0.708834322E+00 0.707568233E+00 0.706217619E+00 0.704787137E+00
 0.703281137E+00 0.701704671E+00 0.700061926E+00 0.698356171E+00 0.696592289E+00
 0.694773223E+00 0.692903053E+00 0.690985332E+00 0.689022817E+00 0.687018042E+00
 0.684974888E+00 0.682895723E+00 0.680782760E+00 0.678638174E+00 0.676466470E+00
 0.674267420E+00 0.672045417E+00 0.669801113E+00 0.667535843E+00 0.665251510E+00
 0.662949409E+00 0.660630357E+00 0.658295663E+00 0.655940731E+00 0.653554552E+00
 0.699982520E+00 0.701278838E+00 0.702530502E+00 0.703750932E+00 0.704941467E+00
 0.706097592E+00 0.707221539E+00 0.708326110E+00 0.709419925E+00 0.710504275E+00
 0.711576545E+00 0.712632425E+00 0.713666503E+00 0.714673515E+00 0.715643137E+00
 0.716568868E+00 0.717442153E+00 0.718254540E+00 0.718998270E+00 0.719664101E+00
 0.720244182E+00 0.720729756E+00 0.721114064E+00 0.721389035E+00 0.721549306E+00
 0.721589258E+00 0.721504734E+00 0.721292278E+00 0.720951699E+00 0.720481271E+00
 0.719882868E+00 0.719158153E+00 0.718311154E+00 0.717344902E+00 0.716265172E+00
 0.715076842E+00 0.713785820E+00 0.712398942E+00 0.710921117E+00 0.709360214E+00
 0.707720676E+00 0.706010149E+00 0.704233111E+00 0.702395084E+00 0.700501576E+00
 0.698556471E+00 0.696565444E+00 0.694531399E+00 0.692458504E+00 0.690349949E+00
 0.688209784E+00 0.686039761E+00 0.683844255E+00 0.681624958E+00 0.679384588E+00
 0.677125668E+00 0.674850799E+00 0.672561382E+00 0.670259771E+00 0.667944252E+00
 0.665614400E+00 0.663279900E+00 0.660947486E+00 0.658627863E+00 0.656334903E+00
 0.701514307E+00 0.703485729E+00 0.704917713E+00 0.706212860E+00 0.707496458E+00
 0.708771608E+00 0.710040312E+00 0.711304505E+00 0.712564685E+00 0.713819930E+00
 0.715067616E+00 0.716302115E+00 0.717518433E+00 0.718708917E+00 0.719864433E+00
 0.720976903E+00 0.722035511E+00 0.723030937E+00 0.723951508E+00 0.724786856E+00
 0.725525758E+00 0.726157922E+00 0.726672487E+00 0.727061137E+00 0.727314744E+00
 0.727426079E+00 0.727390645E+00 0.727204551E+00 0.726865859E+00 0.726374783E+00
 0.725733651E+00 0.724945679E+00 0.724015671E+00 0.722950099E+00 0.721755720E+00
 0.720440751E+00 0.719012481E+00 0.717480763E+00 0.715853458E+00 0.714138170E+00
 0.712343382E+00 0.710478216E+00 0.708547638E+00 0.706558548E+00 0.704518656E+00
 0.702432719E+00 0.700305395E+00 0.698142255E+00 0.695947175E+00 0.693724143E+00
 0.691475718E+00 0.689206198E+00 0.686918146E+00 0.684614623E+00 0.682297800E+00
 0.679970834E+00 0.677636555E+00 0.675296599E+00 0.672959615E+00 0.670613085E+00
 0.668231577E+00 0.665858490E+00 0.663498727E+00 0.661164798E+00 0.658882532E+00
 0.704547681E+00 0.706041072E+00 0.707431857E+00 0.708781777E+00 0.710147951E+00
 0.711534761E+00 0.712939482E+00 0.714358022E+00 0.715787421E+00 0.717223109E+00
 0.718660168E+00 0.720092856E+00 0.721513593E+00 0.722913787E+00 0.724283922E+00
 0.725612920E+00 0.726888424E+00 0.728098386E+00 0.729228872E+00 0.730264900E+00
 0.731194302E+00 0.732001398E+00 0.732673339E+00 0.733197236E+00 0.733561664E+00
 0.733756838E+00 0.733776986E+00 0.733616911E+00 0.733273981E+00 0.732750194E+00
 0.732048268E+00 0.731174315E+00 0.730136316E+00 0.728943363E+00 0.727604616E+00
 0.726131700E+00 0.724535700E+00 0.722827769E+00 0.721019672E+00 0.719121567E+00
 0.717144152E+00 0.715097347E+00 0.712990019E+00 0.710828887E+00 0.708622730E+00
 0.706377350E+00 0.704098572E+00 0.701791596E+00 0.699461030E+00 0.697110484E+00
 0.694744029E+00 0.692364512E+00 0.689975971E+00 0.687578947E+00 0.685177605E+00
 0.682774068E+00 0.680369385E+00 0.677967995E+00 0.675570709E+00 0.673176556E+00
 0.670760807E+00 0.668332433E+00 0.665912937E+00 0.663497089E+00 0.661070414E+00
 0.707705720E+00 0.708677100E+00 0.709945915E+00 0.711338953E+00 0.712801143E+00
 0.714313414E+00 0.715865266E+00 0.717449636E+00 0.719060128E+00 0.720691696E+00
 0.722337834E+00 0.723991566E+00 0.725643374E+00 0.727283948E+00 0.728902523E+00
 0.730485331E+00 0.732017792E+00 0.733484341E+00 0.734866541E+00 0.736146013E+00
 0.737305299E+00 0.738329045E+00 0.739195190E+00 0.739885054E+00 0.740384305E+00
 0.740679795E+00 0.740762880E+00 0.740627159E+00 0.740271781E+00 0.739696735E+00
 0.738908561E+00 0.737916315E+00 0.736734060E+00 0.735376615E+00 0.733853455E+00
 0.732180573E+00 0.730373133E+00 0.728447893E+00 0.726420360E+00 0.724303439E+00
 0.722109667E+00 0.719850718E+00 0.717538003E+00 0.715180089E+00 0.712785497E+00
 0.710360867E+00 0.707912491E+00 0.705446118E+00 0.702966916E+00 0.700477652E+00
 0.697982561E+00 0.695483784E+00 0.692984523E+00 0.690488324E+00 0.687994876E+00
 0.685507033E+00 0.683026126E+00 0.680553026E+00 0.678088802E+00 0.675634632E+00
 0.673176537E+00 0.670706540E+00 0.668243651E+00 0.665776792E+00 0.663294972E+00
 0.709096833E+00 0.710726990E+00 0.712227179E+00 0.713769374E+00 0.715377446E+00
 0.717045032E+00 0.718766084E+00 0.720534907E+00 0.722346161E+00 0.724193940E+00
 0.726072322E+00 0.727973610E+00 0.729888655E+00 0.731806633E+00 0.733714168E+00
 0.735596042E+00 0.737435544E+00 0.739215058E+00 0.740906282E+00 0.742481501E+00
 0.743912930E+00 0.745178267E+00 0.746256539E+00 0.747126701E+00 0.747770886E+00
 0.748174698E+00 0.748326927E+00 0.748220779E+00 0.747853882E+00 0.747227908E+00
 0.746348509E+00 0.745225458E+00 0.743873143E+00 0.742307740E+00 0.740546217E+00
 0.738614201E+00 0.736538703E+00 0.734344468E+00 0.732048073E+00 0.729667164E+00
 0.727215919E+00 0.724709366E+00 0.722159822E+00 0.719575795E+00 0.716968795E+00
 0.714343796E+00 0.711708563E+00 0.709067817E+00 0.706426486E+00 0.703786927E+00
 0.701154065E+00 0.698529102E+00 0.695913728E+00 0.693310078E+00 0.690719924E+00
 0.688143450E+00 0.685582274E+00 0.683036568E+00 0.680505460E+00 0.677988576E+00
 0.675485213E+00 0.672993584E+00 0.670512657E+00 0.668037370E+00 0.665555712E+00
 0.710615195E+00 0.712832238E+00 0.714331731E+00 0.716059782E+00 0.717844042E+00
 0.719690506E+00 0.721599426E+00 0.723570174E+00 0.725600762E+00 0.727686228E+00
 0.729822413E+00 0.732001936E+00 0.734215746E+00 0.736452605E+00 0.738700065E+00
 0.740934299E+00 0.743124620E+00 0.745239697E+00 0.747250912E+00 0.749128866E+00
 0.750843036E+00 0.752365884E+00 0.753671630E+00 0.754734908E+00 0.755535732E+00
 0.756056267E+00 0.756284318E+00 0.756210670E+00 0.755832525E+00 0.755150846E+00
 0.754174077E+00 0.752912712E+00 0.751382808E+00 0.749604471E+00 0.747599978E+00
 0.745396689E+00 0.743023385E+00 0.740505900E+00 0.737879332E+00 0.735179088E+00
 0.732424270E+00 0.729629189E+00 0.726806761E+00 0.723968301E+00 0.721123178E+00
 0.718278035E+00 0.715438609E+00 0.712609816E+00 0.709794351E+00 0.706996789E+00
 0.704217486E+00 0.701459614E+00 0.698723628E+00 0.696010275E+00 0.693320932E+00
 0.690655395E+00 0.688012545E+00 0.685395109E+00 0.682801429E+00 0.680231996E+00
 0.677687653E+00 0.675169865E+00 0.672683120E+00 0.670235313E+00 0.667838392E+00
 0.712639720E+00 0.714521081E+00 0.716370841E+00 0.718252780E+00 0.720199079E+00
 0.722221871E+00 0.724324865E+00 0.726508989E+00 0.728773215E+00 0.731115792E+00
 0.733533294E+00 0.736021131E+00 0.738571879E+00 0.741166332E+00 0.743774483E+00
 0.746364017E+00 0.748903985E+00 0.751362133E+00 0.753703758E+00 0.755895212E+00
 0.757902426E+00 0.759693366E+00 0.761236188E+00 0.762502520E+00 0.763468626E+00
 0.764113535E+00 0.764421673E+00 0.764383042E+00 0.763993176E+00 0.763255041E+00
 0.762176140E+00 0.760770210E+00 0.759056075E+00 0.757057300E+00 0.754801011E+00
 0.752318122E+00 0.749640420E+00 0.746802396E+00 0.743838045E+00 0.740782787E+00
 0.737671316E+00 0.734543563E+00 0.731413542E+00 0.728291570E+00 0.725185352E+00
 0.722100500E+00 0.719042447E+00 0.716014753E+00 0.713017950E+00 0.710055130E+00
 0.707126913E+00 0.704232851E+00 0.701374637E+00 0.698551084E+00 0.695762165E+00
 0.693007695E+00 0.690286408E+00 0.687598315E+00 0.684942782E+00 0.682320296E+00
 0.679730926E+00 0.677176277E+00 0.674661869E+00 0.672198635E+00 0.669811098E+00
 0.715152806E+00 0.716577117E+00 0.718354031E+00 0.720312884E+00 0.722397934E+00
 0.724591811E+00 0.726890450E+00 0.729292383E+00 0.731799655E+00 0.734412329E+00
 0.737129593E+00 0.739950558E+00 0.742848897E+00 0.745791117E+00 0.748749109E+00
 0.751689253E+00 0.754578000E+00 0.757377119E+00 0.760049844E+00 0.762557629E+00
 0.764861019E+00 0.766923483E+00 0.768709326E+00 0.770185411E+00 0.771322450E+00
 0.772096350E+00 0.772487870E+00 0.772485513E+00 0.772084269E+00 0.771286944E+00
 0.770102651E+00 0.768548653E+00 0.766646654E+00 0.764424083E+00 0.761912761E+00
 0.759148508E+00 0.756166598E+00 0.753006843E+00 0.749708053E+00 0.746308713E+00
 0.742848664E+00 0.739362174E+00 0.735890172E+00 0.732459101E+00 0.729073293E+00
 0.725736674E+00 0.722450727E+00 0.719217452E+00 0.716036221E+00 0.712907302E+00
 0.709828786E+00 0.706802117E+00 0.703822858E+00 0.700891634E+00 0.698006948E+00
 0.695166957E+00 0.692370035E+00 0.689614593E+00 0.686900070E+00 0.684225106E+00
 0.681587503E+00 0.678984892E+00 0.676415464E+00 0.673873757E+00 0.671345015E+00
 0.715760842E+00 0.717864206E+00 0.719941798E+00 0.722098027E+00 0.724359302E+00
 0.726735257E+00 0.729230833E+00 0.731851448E+00 0.734602945E+00 0.737490401E+00
 0.740515067E+00 0.743651577E+00 0.746869543E+00 0.750140086E+00 0.753430627E+00
 0.756706245E+00 0.759927891E+00 0.763056415E+00 0.766049720E+00 0.768865517E+00
 0.771460789E+00 0.773793749E+00 0.775823130E+00 0.777510346E+00 0.778821395E+00
 0.779727165E+00 0.780204652E+00 0.780239486E+00 0.779825624E+00 0.778966187E+00
 0.777674116E+00 0.775969046E+00 0.773877754E+00 0.771432191E+00 0.768669423E+00
 0.765629016E+00 0.762352059E+00 0.758881351E+00 0.755261407E+00 0.751534157E+00
 0.747741746E+00 0.743922794E+00 0.740116598E+00 0.736361288E+00 0.732687789E+00
 0.729094602E+00 0.725580550E+00 0.722143276E+00 0.718781438E+00 0.715490679E+00
 0.712269465E+00 0.709114128E+00 0.706022123E+00 0.702990888E+00 0.700017433E+00
 0.697098466E+00 0.694232784E+00 0.691417114E+00 0.688650329E+00 0.685928051E+00
 0.683249173E+00 0.680607871E+00 0.677998442E+00 0.675412923E+00 0.672835765E+00
 0.716483501E+00 0.719142514E+00 0.721312024E+00 0.723636877E+00 0.726061842E+00
 0.728606174E+00 0.731285574E+00 0.734110653E+00 0.737093667E+00 0.740244390E+00
 0.743541405E+00 0.746956452E+00 0.750462857E+00 0.754028709E+00 0.757620587E+00
 0.761199842E+00 0.764726969E+00 0.768158710E+00 0.771450260E+00 0.774556171E+00
 0.777428737E+00 0.780021522E+00 0.782288682E+00 0.784185583E+00 0.785671358E+00
 0.786710069E+00 0.787274644E+00 0.787345934E+00 0.786917134E+00 0.785993185E+00
 0.784589958E+00 0.782732205E+00 0.780452913E+00 0.777790667E+00 0.774786515E+00
 0.771485646E+00 0.767933297E+00 0.764175676E+00 0.760260995E+00 0.756233706E+00
 0.752140129E+00 0.748021966E+00 0.743919556E+00 0.739870134E+00 0.735912959E+00
 0.732072029E+00 0.728340569E+00 0.724712172E+00 0.721181695E+00 0.717742761E+00
 0.714390942E+00 0.711120798E+00 0.707927579E+00 0.704806401E+00 0.701755382E+00
 0.698768777E+00 0.695843381E+00 0.692978715E+00 0.690168398E+00 0.687411510E+00
 0.684705382E+00 0.682046371E+00 0.679428664E+00 0.676845252E+00 0.674281577E+00
 0.717967555E+00 0.720251376E+00 0.722562459E+00 0.724964145E+00 0.727490946E+00
 0.730161325E+00 0.732990028E+00 0.735991136E+00 0.739177947E+00 0.742545494E+00
 0.746065471E+00 0.749713426E+00 0.753461605E+00 0.757276765E+00 0.761123707E+00
 0.764962536E+00 0.768751660E+00 0.772445499E+00 0.775998523E+00 0.779361260E+00
 0.782484227E+00 0.785316621E+00 0.787806973E+00 0.789905090E+00 0.791562098E+00
 0.792734254E+00 0.793385691E+00 0.793491979E+00 0.793044388E+00 0.792050683E+00
 0.790533237E+00 0.788524700E+00 0.786065279E+00 0.783199664E+00 0.779974909E+00
 0.776440989E+00 0.772645653E+00 0.768638491E+00 0.764470263E+00 0.760187172E+00
 0.755838235E+00 0.751466830E+00 0.747115169E+00 0.742822934E+00 0.738625081E+00
 0.734560591E+00 0.730636505E+00 0.726841155E+00 0.723165897E+00 0.719600297E+00
 0.716137659E+00 0.712770366E+00 0.709493103E+00 0.706299623E+00 0.703184676E+00
 0.700144935E+00 0.697173149E+00 0.694269260E+00 0.691428836E+00 0.688648850E+00
 0.685927043E+00 0.683264653E+00 0.680663177E+00 0.678126834E+00 0.675665493E+00
 0.719647127E+00 0.721418709E+00 0.723588433E+00 0.725989733E+00 0.728573102E+00
 0.731331419E+00 0.734271248E+00 0.737404858E+00 0.740746673E+00 0.744274329E+00
 0.747963385E+00 0.751788026E+00 0.755719114E+00 0.759723816E+00 0.763765410E+00
 0.767803280E+00 0.771795217E+00 0.775694763E+00 0.779455062E+00 0.783025376E+00
 0.786354420E+00 0.789388992E+00 0.792073666E+00 0.794353713E+00 0.796171846E+00
 0.797474586E+00 0.798212839E+00 0.798351857E+00 0.797879489E+00 0.796810294E+00
 0.795177700E+00 0.793025690E+00 0.790403987E+00 0.787362662E+00 0.783954128E+00
 0.780229169E+00 0.776239884E+00 0.772037785E+00 0.767672793E+00 0.763193674E+00
 0.758649153E+00 0.754085263E+00 0.749545350E+00 0.745069077E+00 0.740692768E+00
 0.736453308E+00 0.732378249E+00 0.728453722E+00 0.724665915E+00 0.721003985E+00
 0.717458611E+00 0.714021032E+00 0.710681436E+00 0.707435505E+00 0.704275593E+00
 0.701198035E+00 0.698195891E+00 0.695266429E+00 0.692406111E+00 0.689610484E+00
 0.686879658E+00 0.684213020E+00 0.681612151E+00 0.679088016E+00 0.676662060E+00
 0.719318875E+00 0.721697681E+00 0.724081297E+00 0.726575798E+00 0.729223952E+00
 0.732047603E+00 0.735062156E+00 0.738283306E+00 0.741719047E+00 0.745345265E+00
 0.749138336E+00 0.753072167E+00 0.757117561E+00 0.761241148E+00 0.765404846E+00
 0.769568960E+00 0.773690197E+00 0.777722203E+00 0.781616729E+00 0.785324654E+00
 0.788793328E+00 0.791968864E+00 0.794795327E+00 0.797214835E+00 0.799167182E+00
 0.800588263E+00 0.801412766E+00 0.801582307E+00 0.801075643E+00 0.799926974E+00
 0.798189743E+00 0.795920998E+00 0.793176065E+00 0.790010022E+00 0.786475122E+00
 0.782623579E+00 0.778508969E+00 0.774180789E+00 0.769691441E+00 0.765089113E+00
 0.760422672E+00 0.755739502E+00 0.751082738E+00 0.746493508E+00 0.742008351E+00
 0.737660413E+00 0.733490551E+00 0.729484323E+00 0.725627931E+00 0.721907923E+00
 0.718313026E+00 0.714833452E+00 0.711459583E+00 0.708185214E+00 0.705002191E+00
 0.701906196E+00 0.698889502E+00 0.695949842E+00 0.693081779E+00 0.690281789E+00
 0.687545863E+00 0.684871079E+00 0.682251720E+00 0.679682142E+00 0.677147145E+00
 0.719156804E+00 0.722008533E+00 0.724246789E+00 0.726758416E+00 0.729432264E+00
 0.732280963E+00 0.735321900E+00 0.738573410E+00 0.742040975E+00 0.745700014E+00
 0.749527641E+00 0.753498348E+00 0.757582150E+00 0.761745569E+00 0.765950859E+00
 0.770157786E+00 0.774323486E+00 0.778401103E+00 0.782343473E+00 0.786100110E+00
 0.789619504E+00 0.792847717E+00 0.795729626E+00 0.798207737E+00 0.800223087E+00
 0.801711242E+00 0.802601278E+00 0.802799161E+00 0.802252089E+00 0.801047855E+00
 0.799256918E+00 0.796938263E+00 0.794146413E+00 0.790935360E+00 0.787356444E+00
 0.783463309E+00 0.779306227E+00 0.774937291E+00 0.770407384E+00 0.765765718E+00
 0.761060918E+00 0.756339333E+00 0.751646599E+00 0.747021252E+00 0.742502403E+00
 0.738122903E+00 0.733921067E+00 0.729890507E+00 0.726015411E+00 0.722279822E+00
 0.718673187E+00 0.715186080E+00 0.711808262E+00 0.708530109E+00 0.705348100E+00
 0.702254011E+00 0.699242601E+00 0.696309587E+00 0.693449824E+00 0.690658088E+00
 0.687930943E+00 0.685262599E+00 0.682646758E+00 0.680071974E+00 0.677524112E+00
 0.719296023E+00 0.721673792E+00 0.724057817E+00 0.726552647E+00 0.729201869E+00
 0.732025762E+00 0.735039480E+00 0.738259793E+00 0.741694059E+00 0.745318645E+00
 0.749109562E+00 0.753041942E+00 0.757086169E+00 0.761208615E+00 0.765371646E+00
 0.769535027E+00 0.773655527E+00 0.777688148E+00 0.781583876E+00 0.785293164E+00
 0.788763699E+00 0.791941713E+00 0.794771439E+00 0.797194707E+00 0.799151179E+00
 0.800577448E+00 0.801407467E+00 0.801584050E+00 0.801084450E+00 0.799942818E+00
 0.798212820E+00 0.795951646E+00 0.793215000E+00 0.790056461E+00 0.786529093E+00
 0.782686063E+00 0.778579289E+00 0.774259466E+00 0.769777697E+00 0.765184452E+00
 0.760526597E+00 0.755851807E+00 0.751203836E+00 0.746623544E+00 0.742147160E+00
 0.737809586E+00 0.733648962E+00 0.729654409E+00 0.725811685E+00 0.722107317E+00
 0.718529602E+00 0.715068342E+00 0.711715016E+00 0.708463623E+00 0.705305279E+00
 0.702235661E+00 0.699247617E+00 0.696339133E+00 0.693504122E+00 0.690739258E+00
 0.688041146E+00 0.685405351E+00 0.682825927E+00 0.680295553E+00 0.677798988E+00
 0.719592106E+00 0.721366293E+00 0.723538719E+00 0.725944503E+00 0.728530503E+00
 0.731290099E+00 0.734228752E+00 0.737359939E+00 0.740697805E+00 0.744222134E+00
 0.747907116E+00 0.751728085E+00 0.755656868E+00 0.759659452E+00 0.763698872E+00
 0.767735946E+00 0.771727290E+00 0.775627933E+00 0.779389483E+00 0.782962452E+00
 0.786295477E+00 0.789335104E+00 0.792026101E+00 0.794312581E+00 0.796140005E+00
 0.797452119E+00 0.798202094E+00 0.798353556E+00 0.797894750E+00 0.796839261E+00
 0.795221014E+00 0.793084079E+00 0.790477455E+00 0.787451485E+00 0.784058319E+00
 0.780349438E+00 0.776376252E+00 0.772190101E+00 0.767841350E+00 0.763379026E+00
 0.758851255E+00 0.754303618E+00 0.749780603E+00 0.745322443E+00 0.740964418E+00
 0.736742341E+00 0.732688816E+00 0.728788212E+00 0.725027810E+00 0.721396832E+00
 0.717885981E+00 0.714485611E+00 0.711187137E+00 0.707986307E+00 0.704875445E+00
 0.701850306E+00 0.698906056E+00 0.696038263E+00 0.693244167E+00 0.690520149E+00
 0.687865526E+00 0.685279512E+00 0.682763578E+00 0.680324236E+00 0.677970021E+00
 0.717861700E+00 0.720150152E+00 0.722483480E+00 0.724903191E+00 0.727437775E+00
 0.730108523E+00 0.732933285E+00 0.735927949E+00 0.739108108E+00 0.742468919E+00
 0.745982878E+00 0.749626087E+00 0.753369266E+00 0.757180824E+00 0.761025313E+00
 0.764862657E+00 0.768650884E+00 0.772346241E+00 0.775901454E+00 0.779268252E+00
 0.782396557E+00 0.785236510E+00 0.787735484E+00 0.789844410E+00 0.791513736E+00
 0.792700050E+00 0.793367475E+00 0.793491402E+00 0.793062599E+00 0.792088739E+00
 0.790591847E+00 0.788604638E+00 0.786166901E+00 0.783323859E+00 0.780122376E+00
 0.776610462E+00 0.772838963E+00 0.768856453E+00 0.764711718E+00 0.760453128E+00
 0.756128463E+00 0.751782136E+00 0.747455787E+00 0.743189226E+00 0.739017932E+00
 0.734981217E+00 0.731088545E+00 0.727330583E+00 0.723696357E+00 0.720176952E+00
 0.716765293E+00 0.713454490E+00 0.710237738E+00 0.707111058E+00 0.704068416E+00
 0.701107472E+00 0.698221312E+00 0.695409628E+00 0.692667834E+00 0.689995237E+00
 0.687389060E+00 0.684851633E+00 0.682385842E+00 0.680001420E+00 0.677720599E+00
 0.716223378E+00 0.718874204E+00 0.721256256E+00 0.723603306E+00 0.726021800E+00
 0.728552992E+00 0.731218666E+00 0.734032352E+00 0.737004363E+00 0.740144835E+00
 0.743433513E+00 0.746841009E+00 0.750341338E+00 0.753902403E+00 0.757490622E+00
 0.761068229E+00 0.764595199E+00 0.768028008E+00 0.771323075E+00 0.774433312E+00
 0.777312840E+00 0.779915175E+00 0.782193297E+00 0.784103630E+00 0.785605257E+00
 0.786661888E+00 0.787246313E+00 0.787339189E+00 0.786933666E+00 0.786034266E+00
 0.784657024E+00 0.782826406E+00 0.780575777E+00 0.777941568E+00 0.774967052E+00
 0.771695722E+00 0.768173546E+00 0.764446707E+00 0.760562500E+00 0.756566925E+00
 0.752504943E+00 0.748418185E+00 0.744349024E+00 0.740333298E+00 0.736409564E+00
 0.732607129E+00 0.728919408E+00 0.725341124E+00 0.721866266E+00 0.718488353E+00
 0.715203921E+00 0.712007463E+00 0.708895157E+00 0.705861977E+00 0.702905694E+00
 0.700022408E+00 0.697209080E+00 0.694464773E+00 0.691785938E+00 0.689170349E+00
 0.686616269E+00 0.684122097E+00 0.681683234E+00 0.679294194E+00 0.676942620E+00
 0.716314140E+00 0.718406831E+00 0.720098477E+00 0.722135240E+00 0.724337182E+00
 0.726677629E+00 0.729149738E+00 0.731753578E+00 0.734491218E+00 0.737366123E+00
 0.740380981E+00 0.743508892E+00 0.746719875E+00 0.749985011E+00 0.753271267E+00
 0.756544155E+00 0.759765530E+00 0.762895714E+00 0.765892825E+00 0.768714194E+00
 0.771318041E+00 0.773661109E+00 0.775703621E+00 0.777406585E+00 0.778735751E+00
 0.779662257E+00 0.780162181E+00 0.780222125E+00 0.779835208E+00 0.779005268E+00
 0.777743272E+00 0.776069631E+00 0.774011026E+00 0.771599779E+00 0.768871644E+00
 0.765866283E+00 0.762625021E+00 0.759191499E+00 0.755608346E+00 0.751918596E+00
 0.748163704E+00 0.744383678E+00 0.740616609E+00 0.736899904E+00 0.733270793E+00
 0.729727781E+00 0.726269440E+00 0.722894824E+00 0.719601756E+00 0.716386967E+00
 0.713248998E+00 0.710184238E+00 0.707191126E+00 0.704267309E+00 0.701410251E+00
 0.698617659E+00 0.695889565E+00 0.693222063E+00 0.690615425E+00 0.688065787E+00
 0.685572478E+00 0.683132096E+00 0.680736629E+00 0.678381131E+00 0.676049633E+00
 0.715275320E+00 0.716682424E+00 0.718389218E+00 0.720285463E+00 0.722328477E+00
 0.724495519E+00 0.726775813E+00 0.729163905E+00 0.731660053E+00 0.734262022E+00
 0.736969683E+00 0.739781863E+00 0.742671702E+00 0.745607741E+00 0.748560946E+00
 0.751499042E+00 0.754386691E+00 0.757187706E+00 0.759864293E+00 0.762377974E+00
 0.764690663E+00 0.766764937E+00 0.768565145E+00 0.770058321E+00 0.771214979E+00
 0.772011421E+00 0.772428071E+00 0.772453149E+00 0.772082023E+00 0.771316129E+00
 0.770166113E+00 0.768647135E+00 0.766781588E+00 0.764597226E+00 0.762124941E+00
 0.759399923E+00 0.756458565E+00 0.753340637E+00 0.750083371E+00 0.746727304E+00
 0.743310062E+00 0.739866983E+00 0.736439443E+00 0.733057006E+00 0.729725857E+00
 0.726450648E+00 0.723231845E+00 0.720072383E+00 0.716972754E+00 0.713932385E+00
 0.710951659E+00 0.708030241E+00 0.705166476E+00 0.702361364E+00 0.699613016E+00
 0.696921048E+00 0.694284184E+00 0.691702299E+00 0.689175242E+00 0.686702778E+00
 0.684282390E+00 0.681913256E+00 0.679592590E+00 0.677313973E+00 0.675063549E+00
 0.712422619E+00 0.714300611E+00 0.716172472E+00 0.718076188E+00 0.720034445E+00
 0.722061125E+00 0.724162979E+00 0.726342945E+00 0.728601542E+00 0.730936968E+00
 0.733347198E+00 0.735826853E+00 0.738369280E+00 0.740957392E+00 0.743560683E+00
 0.746146916E+00 0.748686230E+00 0.751145296E+00 0.753490870E+00 0.755689013E+00
 0.757705171E+00 0.759507830E+00 0.761065874E+00 0.762350707E+00 0.763337682E+00
 0.764006057E+00 0.764340527E+00 0.764331355E+00 0.763973021E+00 0.763268945E+00
 0.762225766E+00 0.760857658E+00 0.759182942E+00 0.757224665E+00 0.755010608E+00
 0.752570913E+00 0.749936496E+00 0.747143657E+00 0.744225477E+00 0.741216924E+00
 0.738152848E+00 0.735072824E+00 0.731995449E+00 0.728931881E+00 0.725889498E+00
 0.722875568E+00 0.719894515E+00 0.716950920E+00 0.714047416E+00 0.711184515E+00
 0.708366566E+00 0.705592145E+00 0.702863648E+00 0.700182120E+00 0.697546679E+00
 0.694958468E+00 0.692418702E+00 0.689926744E+00 0.687484656E+00 0.685091304E+00
 0.682750867E+00 0.680464192E+00 0.678235862E+00 0.676074214E+00 0.673990683E+00
 0.709796023E+00 0.712011313E+00 0.713939978E+00 0.715776566E+00 0.717610872E+00
 0.719479882E+00 0.721398465E+00 0.723371588E+00 0.725399437E+00 0.727480491E+00
 0.729610786E+00 0.731783347E+00 0.733990117E+00 0.736220400E+00 0.738462056E+00
 0.740692395E+00 0.742880873E+00 0.744996843E+00 0.747011889E+00 0.748895645E+00
 0.750619437E+00 0.752154402E+00 0.753474888E+00 0.754556687E+00 0.755378695E+00
 0.755923991E+00 0.756179211E+00 0.756135266E+00 0.755789563E+00 0.755143057E+00
 0.754202820E+00 0.752981160E+00 0.751491215E+00 0.749755648E+00 0.747795323E+00
 0.745636512E+00 0.743309187E+00 0.740839960E+00 0.738261482E+00 0.735609528E+00
 0.732906719E+00 0.730167699E+00 0.727405341E+00 0.724633341E+00 0.721859838E+00
 0.719093146E+00 0.716339772E+00 0.713603710E+00 0.710890378E+00 0.708203374E+00
 0.705545053E+00 0.702918469E+00 0.700324517E+00 0.697765942E+00 0.695244977E+00
 0.692761758E+00 0.690317287E+00 0.687915427E+00 0.685556536E+00 0.683242413E+00
 0.680976008E+00 0.678760811E+00 0.676603148E+00 0.674514658E+00 0.672522748E+00
 0.709002097E+00 0.710641426E+00 0.711984099E+00 0.713527884E+00 0.715148232E+00
 0.716824671E+00 0.718548839E+00 0.720316198E+00 0.722122740E+00 0.723964810E+00
 0.725836383E+00 0.727730876E+00 0.729639249E+00 0.731550957E+00 0.733453709E+00
 0.735331897E+00 0.737168377E+00 0.738947755E+00 0.740641881E+00 0.742222293E+00
 0.743662730E+00 0.744940601E+00 0.746033342E+00 0.746921495E+00 0.747586713E+00
 0.748014324E+00 0.748193932E+00 0.748117600E+00 0.747783760E+00 0.747192545E+00
 0.746350421E+00 0.745266851E+00 0.743955716E+00 0.742433514E+00 0.740715759E+00
 0.738829220E+00 0.736799986E+00 0.734654241E+00 0.732409505E+00 0.730081970E+00
 0.727687853E+00 0.725243378E+00 0.722760246E+00 0.720247876E+00 0.717718136E+00
 0.715178306E+00 0.712635493E+00 0.710094298E+00 0.707562843E+00 0.705041955E+00
 0.702538309E+00 0.700052666E+00 0.697590249E+00 0.695152020E+00 0.692740477E+00
 0.690358970E+00 0.688008166E+00 0.685691821E+00 0.683411320E+00 0.681168943E+00
 0.678968849E+00 0.676810194E+00 0.674693811E+00 0.672611879E+00 0.670555888E+00
 0.707591775E+00 0.708545691E+00 0.709774332E+00 0.711145558E+00 0.712598769E+00
 0.714104037E+00 0.715647030E+00 0.717220798E+00 0.718820102E+00 0.720441247E+00
 0.722077668E+00 0.723722244E+00 0.725366759E+00 0.727001458E+00 0.728615395E+00
 0.730194889E+00 0.731726007E+00 0.733193621E+00 0.734578712E+00 0.735863676E+00
 0.737030705E+00 0.738064085E+00 0.738943910E+00 0.739651531E+00 0.740170552E+00
 0.740489743E+00 0.740599651E+00 0.740493552E+00 0.740170006E+00 0.739629566E+00
 0.738878192E+00 0.737924808E+00 0.736782840E+00 0.735467480E+00 0.733988645E+00
 0.732361174E+00 0.730602302E+00 0.728727588E+00 0.726753730E+00 0.724693381E+00
 0.722560250E+00 0.720366501E+00 0.718123441E+00 0.715841207E+00 0.713529025E+00
 0.711192560E+00 0.708840781E+00 0.706480078E+00 0.704114589E+00 0.701749721E+00
 0.699389524E+00 0.697037476E+00 0.694697830E+00 0.692373842E+00 0.690067027E+00
 0.687782325E+00 0.685519155E+00 0.683281993E+00 0.681072019E+00 0.678890507E+00
 0.676751128E+00 0.674661117E+00 0.672595188E+00 0.670549809E+00 0.668515929E+00
 0.704340348E+00 0.705796203E+00 0.707212162E+00 0.708602456E+00 0.709975497E+00
 0.711346172E+00 0.712725729E+00 0.714119980E+00 0.715528177E+00 0.716946839E+00
 0.718370354E+00 0.719792404E+00 0.721204745E+00 0.722598894E+00 0.723964391E+00
 0.725290146E+00 0.726565440E+00 0.727776418E+00 0.728910493E+00 0.729953065E+00
 0.730890015E+00 0.731708582E+00 0.732394705E+00 0.732935345E+00 0.733319380E+00
 0.733537867E+00 0.733582945E+00 0.733450629E+00 0.733138767E+00 0.732648142E+00
 0.731981642E+00 0.731144818E+00 0.730146763E+00 0.728995292E+00 0.727700354E+00
 0.726273214E+00 0.724725883E+00 0.723069380E+00 0.721315683E+00 0.719475759E+00
 0.717560340E+00 0.715579705E+00 0.713544165E+00 0.711461332E+00 0.709338275E+00
 0.707183901E+00 0.705003547E+00 0.702804256E+00 0.700590372E+00 0.698367426E+00
 0.696139721E+00 0.693911022E+00 0.691685791E+00 0.689465839E+00 0.687257654E+00
 0.685060769E+00 0.682878810E+00 0.680715678E+00 0.678570284E+00 0.676450975E+00
 0.674384384E+00 0.672363972E+00 0.670365824E+00 0.668390584E+00 0.666428655E+00
 0.701327092E+00 0.703215139E+00 0.704820802E+00 0.706201702E+00 0.707428568E+00
 0.708620591E+00 0.709822779E+00 0.711040701E+00 0.712270921E+00 0.713505697E+00
 0.714738973E+00 0.715963314E+00 0.717171677E+00 0.718355069E+00 0.719506291E+00
 0.720615996E+00 0.721673944E+00 0.722670495E+00 0.723594756E+00 0.724436364E+00
 0.725184190E+00 0.725827753E+00 0.726356592E+00 0.726762244E+00 0.727035220E+00
 0.727169236E+00 0.727158656E+00 0.726999703E+00 0.726690657E+00 0.726231561E+00
 0.725624889E+00 0.724873429E+00 0.723982274E+00 0.722957033E+00 0.721805749E+00
 0.720536508E+00 0.719156050E+00 0.717675634E+00 0.716102412E+00 0.714444701E+00
 0.712712767E+00 0.710913156E+00 0.709054198E+00 0.707142470E+00 0.705186082E+00
 0.703190584E+00 0.701162265E+00 0.699106261E+00 0.697028360E+00 0.694932785E+00
 0.692823495E+00 0.690706630E+00 0.688583320E+00 0.686459971E+00 0.684338998E+00
 0.682223846E+00 0.680117907E+00 0.678022779E+00 0.675938876E+00 0.673884498E+00
 0.671890238E+00 0.669925269E+00 0.667997276E+00 0.666118371E+00 0.664302672E+00
 0.699932040E+00 0.701374414E+00 0.703027695E+00 0.704202768E+00 0.704934419E+00
 0.705892205E+00 0.706923407E+00 0.707985043E+00 0.709058123E+00 0.710131595E+00
 0.711197186E+00 0.712248212E+00 0.713277064E+00 0.714276228E+00 0.715240154E+00
 0.716161994E+00 0.717034287E+00 0.717847722E+00 0.718594656E+00 0.719267430E+00
 0.719855939E+00 0.720353955E+00 0.720752112E+00 0.721044435E+00 0.721224335E+00
 0.721286435E+00 0.721226280E+00 0.721041470E+00 0.720729868E+00 0.720290504E+00
 0.719726309E+00 0.719037104E+00 0.718227656E+00 0.717301100E+00 0.716263336E+00
 0.715119777E+00 0.713875584E+00 0.712538021E+00 0.711113306E+00 0.709608819E+00
 0.708028896E+00 0.706382653E+00 0.704675431E+00 0.702912136E+00 0.701099489E+00
 0.699242435E+00 0.697347548E+00 0.695418221E+00 0.693459480E+00 0.691475928E+00
 0.689472621E+00 0.687452900E+00 0.685421681E+00 0.683381248E+00 0.681338047E+00
 0.679294710E+00 0.677254629E+00 0.675223549E+00 0.673206209E+00 0.671211307E+00
 0.669245609E+00 0.667312885E+00 0.665419533E+00 0.663580816E+00 0.661825452E+00
 0.698510227E+00 0.699167522E+00 0.700130242E+00 0.701130217E+00 0.702088547E+00
 0.703039120E+00 0.703995782E+00 0.704953091E+00 0.705903027E+00 0.706839500E+00
 0.707757313E+00 0.708652920E+00 0.709522265E+00 0.710359737E+00 0.711159419E+00
 0.711916861E+00 0.712626492E+00 0.713282117E+00 0.713876590E+00 0.714403639E+00
 0.714856395E+00 0.715229577E+00 0.715516757E+00 0.715712840E+00 0.715811967E+00
 0.715811265E+00 0.715706517E+00 0.715496347E+00 0.715178762E+00 0.714751497E+00
 0.714218016E+00 0.713576827E+00 0.712830774E+00 0.711982746E+00 0.711036895E+00
 0.709994795E+00 0.708862605E+00 0.707643477E+00 0.706342830E+00 0.704966189E+00
 0.703517032E+00 0.702000999E+00 0.700423580E+00 0.698788790E+00 0.697100478E+00
 0.695365164E+00 0.693584829E+00 0.691765781E+00 0.689911990E+00 0.688025962E+00
 0.686113801E+00 0.684178576E+00 0.682224793E+00 0.680255669E+00 0.678276641E+00
 0.676292009E+00 0.674305477E+00 0.672322726E+00 0.670348483E+00 0.668387142E+00
 0.666443207E+00 0.664521237E+00 0.662623087E+00 0.660747810E+00 0.658885650E+00
 0.695105947E+00 0.696196741E+00 0.697248164E+00 0.698266671E+00 0.699249999E+00
 0.700199781E+00 0.701116946E+00 0.701998533E+00 0.702843281E+00 0.703654044E+00
 0.704434707E+00 0.705186569E+00 0.705909695E+00 0.706600523E+00 0.707253653E+00
 0.707865481E+00 0.708431667E+00 0.708947820E+00 0.709408065E+00 0.709808130E+00
 0.710142488E+00 0.710406666E+00 0.710597167E+00 0.710708090E+00 0.710736713E+00
 0.710680411E+00 0.710536206E+00 0.710300750E+00 0.709975002E+00 0.709555872E+00
 0.709044917E+00 0.708441419E+00 0.707746114E+00 0.706962535E+00 0.706090873E+00
 0.705134415E+00 0.704096012E+00 0.702977410E+00 0.701782177E+00 0.700515511E+00
 0.699178580E+00 0.697775569E+00 0.696310710E+00 0.694786489E+00 0.693207477E+00
 0.691576352E+00 0.689896981E+00 0.688173327E+00 0.686409152E+00 0.684607389E+00
 0.682771713E+00 0.680907190E+00 0.679017171E+00 0.677105746E+00 0.675177112E+00
 0.673236572E+00 0.671288269E+00 0.669337291E+00 0.667387442E+00 0.665445203E+00
 0.663513662E+00 0.661595371E+00 0.659689943E+00 0.657795233E+00 0.655904308E+00
 0.691901587E+00 0.693358664E+00 0.694537784E+00 0.695586915E+00 0.696571456E+00
 0.697513161E+00 0.698405017E+00 0.699217123E+00 0.699942149E+00 0.700607971E+00
 0.701240971E+00 0.701850154E+00 0.702433778E+00 0.702988625E+00 0.703509979E+00
 0.703991156E+00 0.704429301E+00 0.704820170E+00 0.705160458E+00 0.705446734E+00
 0.705676181E+00 0.705843246E+00 0.705946147E+00 0.705981258E+00 0.705947242E+00
 0.705840301E+00 0.705658356E+00 0.705400541E+00 0.705064891E+00 0.704650695E+00
 0.704157573E+00 0.703584750E+00 0.702934160E+00 0.702204291E+00 0.701397519E+00
 0.700514439E+00 0.699556161E+00 0.698525552E+00 0.697423718E+00 0.696252482E+00
 0.695014312E+00 0.693710198E+00 0.692344831E+00 0.690918816E+00 0.689434391E+00
 0.687895587E+00 0.686303889E+00 0.684662244E+00 0.682975239E+00 0.681243669E+00
 0.679472569E+00 0.677664282E+00 0.675824357E+00 0.673955050E+00 0.672061628E+00
 0.670149792E+00 0.668222800E+00 0.666287619E+00 0.664348418E+00 0.662411889E+00
 0.660482303E+00 0.658565785E+00 0.656663958E+00 0.654777378E+00 0.652898355E+00
 0.690413489E+00 0.691334540E+00 0.692233995E+00 0.693134508E+00 0.694050758E+00
 0.695003402E+00 0.696028286E+00 0.697017367E+00 0.697242855E+00 0.697679581E+00
 0.698150431E+00 0.698623693E+00 0.699081576E+00 0.699514093E+00 0.699914847E+00
 0.700278730E+00 0.700599470E+00 0.700876644E+00 0.701107953E+00 0.701290297E+00
 0.701421585E+00 0.701500214E+00 0.701523371E+00 0.701489722E+00 0.701396997E+00
 0.701242677E+00 0.701027545E+00 0.700747848E+00 0.700402815E+00 0.699992695E+00
 0.699514266E+00 0.698970047E+00 0.698357041E+00 0.697676451E+00 0.696927070E+00
 0.696110673E+00 0.695226354E+00 0.694275259E+00 0.693256499E+00 0.692172631E+00
 0.691023342E+00 0.689810367E+00 0.688533485E+00 0.687195707E+00 0.685797601E+00
 0.684339672E+00 0.682825270E+00 0.681255802E+00 0.679633401E+00 0.677960807E+00
 0.676240158E+00 0.674475456E+00 0.672670012E+00 0.670829023E+00 0.668954938E+00
 0.667054057E+00 0.665132325E+00 0.663194442E+00 0.661246770E+00 0.659297839E+00
 0.657354624E+00 0.655426665E+00 0.653525183E+00 0.651665850E+00 0.649866221E+00
 0.689119381E+00 0.689383062E+00 0.689969305E+00 0.690691997E+00 0.691482363E+00
 0.692320078E+00 0.693185085E+00 0.693882191E+00 0.694303735E+00 0.694694800E+00
 0.695091285E+00 0.695477222E+00 0.695838880E+00 0.696168940E+00 0.696462277E+00
 0.696715595E+00 0.696927981E+00 0.697098276E+00 0.697225646E+00 0.697309436E+00
 0.697349659E+00 0.697343614E+00 0.697291652E+00 0.697192330E+00 0.697044427E+00
 0.696847290E+00 0.696598632E+00 0.696299067E+00 0.695946821E+00 0.695540068E+00
 0.695078323E+00 0.694559649E+00 0.693984040E+00 0.693349560E+00 0.692656248E+00
 0.691902771E+00 0.691087986E+00 0.690212341E+00 0.689273056E+00 0.688271876E+00
 0.687207542E+00 0.686078956E+00 0.684886636E+00 0.683630603E+00 0.682310927E+00
 0.680928111E+00 0.679482690E+00 0.677975926E+00 0.676408664E+00 0.674783905E+00
 0.673102760E+00 0.671368507E+00 0.669584597E+00 0.667754770E+00 0.665882994E+00
 0.663975260E+00 0.662037233E+00 0.660075347E+00 0.658096786E+00 0.656110069E+00
 0.654124293E+00 0.652150651E+00 0.650202116E+00 0.648301029E+00 0.646481077E+00
 0.685928560E+00 0.686681297E+00 0.687402560E+00 0.688115641E+00 0.688821459E+00
 0.689511882E+00 0.690165525E+00 0.690753621E+00 0.691263395E+00 0.691706590E+00
 0.692096009E+00 0.692435714E+00 0.692724742E+00 0.692964174E+00 0.693155497E+00
 0.693302026E+00 0.693406546E+00 0.693469847E+00 0.693494567E+00 0.693481185E+00
 0.693429250E+00 0.693340072E+00 0.693214548E+00 0.693051079E+00 0.692849781E+00
 0.692610337E+00 0.692332490E+00 0.692014842E+00 0.691656475E+00 0.691255222E+00
 0.690810061E+00 0.690320530E+00 0.689783417E+00 0.689197195E+00 0.688560666E+00
 0.687870579E+00 0.687126709E+00 0.686325845E+00 0.685467119E+00 0.684548217E+00
 0.683567002E+00 0.682522052E+00 0.681412811E+00 0.680236195E+00 0.678992057E+00
 0.677679392E+00 0.676298400E+00 0.674848106E+00 0.673329455E+00 0.671743666E+00
 0.670091724E+00 0.668375414E+00 0.666598413E+00 0.664764481E+00 0.662876867E+00
 0.660942746E+00 0.658966426E+00 0.656956020E+00 0.654918996E+00 0.652864636E+00
 0.650800881E+00 0.648738559E+00 0.646684532E+00 0.644646467E+00 0.642620674E+00
 0.682960017E+00 0.684066716E+00 0.684891007E+00 0.685590487E+00 0.686233894E+00
 0.686843727E+00 0.687422298E+00 0.687963542E+00 0.688459331E+00 0.688902663E+00
 0.689281149E+00 0.689579792E+00 0.689792488E+00 0.689928801E+00 0.690005480E+00
 0.690034439E+00 0.690022837E+00 0.689973787E+00 0.689890662E+00 0.689775370E+00
 0.689630139E+00 0.689455923E+00 0.689254599E+00 0.689026935E+00 0.688772609E+00
 0.688492653E+00 0.688186617E+00 0.687853968E+00 0.687491984E+00 0.687100246E+00
 0.686676897E+00 0.686219302E+00 0.685725483E+00 0.685191527E+00 0.684616631E+00
 0.683995311E+00 0.683326708E+00 0.682606287E+00 0.681831955E+00 0.680999510E+00
 0.680105595E+00 0.679147563E+00 0.678122924E+00 0.677028091E+00 0.675860554E+00
 0.674618452E+00 0.673299500E+00 0.671903856E+00 0.670427687E+00 0.668874619E+00
 0.667242517E+00 0.665533300E+00 0.663750368E+00 0.661896126E+00 0.659974365E+00
 0.657991950E+00 0.655952695E+00 0.653867342E+00 0.651743162E+00 0.649589750E+00
 0.647417018E+00 0.645235035E+00 0.643050910E+00 0.640870965E+00 0.638696413E+00
 0.681759699E+00 0.682251984E+00 0.682734526E+00 0.683242626E+00 0.683767693E+00
 0.684302214E+00 0.684833846E+00 0.685352267E+00 0.685851393E+00 0.686326932E+00
 0.686760740E+00 0.687055455E+00 0.687128416E+00 0.687088936E+00 0.687009794E+00
 0.686899232E+00 0.686759404E+00 0.686589121E+00 0.686390045E+00 0.686165582E+00
 0.685919882E+00 0.685654808E+00 0.685373743E+00 0.685078664E+00 0.684771065E+00
 0.684450626E+00 0.684118387E+00 0.683773147E+00 0.683412969E+00 0.683035583E+00
 0.682639932E+00 0.682221799E+00 0.681779074E+00 0.681306107E+00 0.680800588E+00
 0.680257521E+00 0.679673628E+00 0.679042953E+00 0.678361438E+00 0.677624491E+00
 0.676826992E+00 0.675964992E+00 0.675031847E+00 0.674025364E+00 0.672939800E+00
 0.671772471E+00 0.670518984E+00 0.669176981E+00 0.667743594E+00 0.666218307E+00
 0.664599460E+00 0.662888794E+00 0.661086099E+00 0.659196401E+00 0.657220835E+00
 0.655166337E+00 0.653039200E+00 0.650848377E+00 0.648604320E+00 0.646317824E+00
 0.644002102E+00 0.641670778E+00 0.639338291E+00 0.637015539E+00 0.634705228E+00
 0.680759461E+00 0.680390031E+00 0.680505116E+00 0.680846658E+00 0.681301936E+00
 0.681803961E+00 0.682321496E+00 0.682836142E+00 0.683339683E+00 0.683847592E+00
 0.684437246E+00 0.684855113E+00 0.684607639E+00 0.684336233E+00 0.684106709E+00
 0.683864032E+00 0.683591665E+00 0.683290845E+00 0.682964775E+00 0.682618985E+00
 0.682260761E+00 0.681894596E+00 0.681526048E+00 0.681159361E+00 0.680795650E+00
 0.680436408E+00 0.680079559E+00 0.679726573E+00 0.679374287E+00 0.679020788E+00
 0.678661895E+00 0.678293007E+00 0.677912036E+00 0.677512401E+00 0.677090075E+00
 0.676639075E+00 0.676153304E+00 0.675626275E+00 0.675052867E+00 0.674425811E+00
 0.673738535E+00 0.672984613E+00 0.672158269E+00 0.671251240E+00 0.670258442E+00
 0.669174352E+00 0.667993800E+00 0.666710733E+00 0.665322824E+00 0.663824655E+00
 0.662216621E+00 0.660497160E+00 0.658664107E+00 0.656722577E+00 0.654673925E+00
 0.652523156E+00 0.650278769E+00 0.647947601E+00 0.645543187E+00 0.643078414E+00
 0.640572092E+00 0.638044313E+00 0.635522261E+00 0.633035120E+00 0.630619142E+00
 0.677020793E+00 0.677257669E+00 0.677660061E+00 0.678165132E+00 0.678724282E+00
 0.679300656E+00 0.679867106E+00 0.680402175E+00 0.680883459E+00 0.681299948E+00
 0.681617010E+00 0.681775581E+00 0.681738061E+00 0.681552927E+00 0.681274013E+00
 0.680922740E+00 0.680515354E+00 0.680065909E+00 0.679589107E+00 0.679098432E+00
 0.678608031E+00 0.678125386E+00 0.677658909E+00 0.677213624E+00 0.676790737E+00
 0.676392773E+00 0.676016856E+00 0.675662895E+00 0.675328086E+00 0.675007684E+00
 0.674698240E+00 0.674394469E+00 0.674090795E+00 0.673781172E+00 0.673459389E+00
 0.673118247E+00 0.672750822E+00 0.672347500E+00 0.671901979E+00 0.671405280E+00
 0.670848817E+00 0.670223498E+00 0.669521755E+00 0.668733396E+00 0.667851080E+00
 0.666865511E+00 0.665770045E+00 0.664557075E+00 0.663221799E+00 0.661755555E+00
 0.660158770E+00 0.658425297E+00 0.656555155E+00 0.654548305E+00 0.652407776E+00
 0.650136026E+00 0.647740039E+00 0.645228704E+00 0.642613858E+00 0.639911528E+00
 0.637143894E+00 0.634337806E+00 0.631526074E+00 0.628752267E+00 0.626074012E+00
 0.672440571E+00 0.673600977E+00 0.674521461E+00 0.675346727E+00 0.676128194E+00
 0.676869235E+00 0.677554685E+00 0.678162828E+00 0.678667861E+00 0.679052400E+00
 0.679291756E+00 0.679370641E+00 0.679283404E+00 0.679039237E+00 0.678656149E+00
 0.678154710E+00 0.677562445E+00 0.676910981E+00 0.676233159E+00 0.675555748E+00
 0.674900075E+00 0.674279211E+00 0.673701213E+00 0.673170267E+00 0.672687425E+00
 0.672253585E+00 0.671866504E+00 0.671522028E+00 0.671216406E+00 0.670945884E+00
 0.670703472E+00 0.670482385E+00 0.670278034E+00 0.670080003E+00 0.669882256E+00
 0.669674679E+00 0.669449279E+00 0.669196259E+00 0.668905509E+00 0.668566590E+00
 0.668168370E+00 0.667699565E+00 0.667148720E+00 0.666505229E+00 0.665756631E+00
 0.664892634E+00 0.663903541E+00 0.662777513E+00 0.661507968E+00 0.660085406E+00
 0.658504236E+00 0.656757966E+00 0.654845063E+00 0.652763608E+00 0.650513917E+00
 0.648097851E+00 0.645520312E+00 0.642786691E+00 0.639906022E+00 0.636894035E+00
 0.633774032E+00 0.630577425E+00 0.627342691E+00 0.624108194E+00 0.620903902E+00
 0.669443568E+00 0.670591015E+00 0.671639731E+00 0.672671859E+00 0.673689222E+00
 0.674658793E+00 0.675536589E+00 0.676292227E+00 0.676888077E+00 0.677305546E+00
 0.677527517E+00 0.677543388E+00 0.677356004E+00 0.676976418E+00 0.676415748E+00
 0.675676085E+00 0.674780297E+00 0.673805942E+00 0.672832522E+00 0.671903831E+00
 0.671043000E+00 0.670260115E+00 0.669559447E+00 0.668940734E+00 0.668402987E+00
 0.667942326E+00 0.667555025E+00 0.667236866E+00 0.666979787E+00 0.666778363E+00
 0.666625117E+00 0.666512254E+00 0.666430902E+00 0.666372030E+00 0.666326054E+00
 0.666282927E+00 0.666232278E+00 0.666161768E+00 0.666059237E+00 0.665913209E+00
 0.665708477E+00 0.665431831E+00 0.665067979E+00 0.664603557E+00 0.664023113E+00
 0.663312315E+00 0.662457569E+00 0.661446320E+00 0.660264827E+00 0.658902318E+00
 0.657349022E+00 0.655596746E+00 0.653640891E+00 0.651477819E+00 0.649108007E+00
 0.646530907E+00 0.643748353E+00 0.640758748E+00 0.637563002E+00 0.634162966E+00
 0.630580437E+00 0.626856758E+00 0.623053739E+00 0.619248391E+00 0.615495028E+00
 0.667278449E+00 0.667784408E+00 0.668788762E+00 0.670070067E+00 0.671459133E+00
 0.672799784E+00 0.673992820E+00 0.674988086E+00 0.675746008E+00 0.676240405E+00
 0.676465406E+00 0.676403129E+00 0.676061915E+00 0.675480008E+00 0.674727725E+00
 0.673842239E+00 0.672178395E+00 0.670603314E+00 0.669210587E+00 0.667974066E+00
 0.666883873E+00 0.665931472E+00 0.665111058E+00 0.664415644E+00 0.663837003E+00
 0.663367983E+00 0.663001923E+00 0.662731193E+00 0.662546696E+00 0.662441911E+00
 0.662407044E+00 0.662430752E+00 0.662505838E+00 0.662618334E+00 0.662759352E+00
 0.662915988E+00 0.663077123E+00 0.663229103E+00 0.663357287E+00 0.663447927E+00
 0.663481703E+00 0.663443025E+00 0.663312893E+00 0.663072132E+00 0.662702686E+00
 0.662187878E+00 0.661508608E+00 0.660647983E+00 0.659588384E+00 0.658314112E+00
 0.656809771E+00 0.655064301E+00 0.653068200E+00 0.650820178E+00 0.648320200E+00
 0.645571510E+00 0.642577585E+00 0.639338847E+00 0.635828729E+00 0.631975303E+00
 0.627773458E+00 0.623317059E+00 0.618681960E+00 0.613959146E+00 0.609315652E+00
 0.662578756E+00 0.663548900E+00 0.665120770E+00 0.667167947E+00 0.669555356E+00
 0.671629598E+00 0.673086301E+00 0.674578691E+00 0.675573881E+00 0.676000221E+00
 0.676453266E+00 0.676230179E+00 0.675510490E+00 0.674746627E+00 0.673126089E+00
 0.670980754E+00 0.668787774E+00 0.666774426E+00 0.665020836E+00 0.663511163E+00
 0.662218617E+00 0.661125634E+00 0.660215958E+00 0.659472752E+00 0.658882621E+00
 0.658434681E+00 0.658118494E+00 0.657924443E+00 0.657844958E+00 0.657869702E+00
 0.657987050E+00 0.658186603E+00 0.658453591E+00 0.658776431E+00 0.659142419E+00
 0.659540193E+00 0.659956079E+00 0.660377879E+00 0.660788070E+00 0.661169532E+00
 0.661500405E+00 0.661758633E+00 0.661919460E+00 0.661960504E+00 0.661858780E+00
 0.661593371E+00 0.661142053E+00 0.660485022E+00 0.659597854E+00 0.658456189E+00
 0.657034803E+00 0.655313903E+00 0.653281752E+00 0.650938266E+00 0.648288276E+00
 0.645341750E+00 0.642114362E+00 0.638644496E+00 0.635153990E+00 0.630773244E+00
 0.625601700E+00 0.620259648E+00 0.614605925E+00 0.608423845E+00 0.601297487E+00
 0.655321067E+00 0.657563398E+00 0.660027142E+00 0.662936429E+00 0.666463679E+00
 0.669814443E+00 0.670801985E+00 0.673727474E+00 0.674821087E+00 0.674347543E+00
 0.675890438E+00 0.675632632E+00 0.673561308E+00 0.673418568E+00 0.670320064E+00
 0.667038276E+00 0.664286364E+00 0.661948880E+00 0.659957603E+00 0.658263582E+00
 0.656840364E+00 0.655668992E+00 0.654727681E+00 0.653990987E+00 0.653436584E+00
 0.653047581E+00 0.652814900E+00 0.652731599E+00 0.652792331E+00 0.652985523E+00
 0.653300777E+00 0.653720459E+00 0.654227878E+00 0.654804658E+00 0.655436624E+00
 0.656113636E+00 0.656830385E+00 0.657573225E+00 0.658327138E+00 0.659069404E+00
 0.659773356E+00 0.660405854E+00 0.660933423E+00 0.661326251E+00 0.661557501E+00
 0.661605815E+00 0.661448808E+00 0.661063163E+00 0.660423793E+00 0.659497031E+00
 0.658230775E+00 0.656561441E+00 0.654475182E+00 0.652004945E+00 0.649171474E+00
 0.645979957E+00 0.642428402E+00 0.638507912E+00 0.634179941E+00 0.629339743E+00
 0.623953137E+00 0.618102581E+00 0.611817816E+00 0.605155793E+00 0.598523698E+00
 0.648271884E+00 0.650809049E+00 0.653575956E+00 0.656822749E+00 0.661500925E+00
 0.664222680E+00 0.665606609E+00 0.668573613E+00 0.669795287E+00 0.669548483E+00
 0.670949288E+00 0.670645025E+00 0.668610399E+00 0.668098666E+00 0.665810426E+00
 0.661310504E+00 0.658335480E+00 0.655891003E+00 0.653860782E+00 0.652047566E+00
 0.650555090E+00 0.649396269E+00 0.648524350E+00 0.647887132E+00 0.647427796E+00
 0.647127932E+00 0.647001146E+00 0.647056693E+00 0.647294796E+00 0.647704194E+00
 0.648272518E+00 0.648981474E+00 0.649797429E+00 0.650676507E+00 0.651599347E+00
 0.652581394E+00 0.653635151E+00 0.654754432E+00 0.655922550E+00 0.657117672E+00
 0.658302806E+00 0.659428603E+00 0.660426498E+00 0.661244819E+00 0.661873081E+00
 0.662301826E+00 0.662509619E+00 0.662469123E+00 0.662163600E+00 0.661594997E+00
 0.660954887E+00 0.659370783E+00 0.656840957E+00 0.654185575E+00 0.651160743E+00
 0.647721014E+00 0.643842441E+00 0.639504867E+00 0.634687973E+00 0.629373549E+00
 0.623551776E+00 0.617222662E+00 0.610367743E+00 0.602863409E+00 0.594537850E+00
 0.641563666E+00 0.643261856E+00 0.645659692E+00 0.648724910E+00 0.652241772E+00
 0.655270261E+00 0.657422010E+00 0.659518068E+00 0.660905428E+00 0.661515976E+00
 0.662069001E+00 0.661701843E+00 0.660593792E+00 0.659259976E+00 0.656702696E+00
 0.653472256E+00 0.650561748E+00 0.648155249E+00 0.646185963E+00 0.644464439E+00
 0.643098128E+00 0.642112683E+00 0.641491948E+00 0.641218244E+00 0.640928024E+00
 0.640599608E+00 0.640556181E+00 0.640777028E+00 0.641230423E+00 0.641900865E+00
 0.642783332E+00 0.643886496E+00 0.645222023E+00 0.646730628E+00 0.647575109E+00
 0.648824474E+00 0.650245125E+00 0.651800165E+00 0.653463799E+00 0.655215482E+00
 0.657041199E+00 0.658931212E+00 0.660845001E+00 0.661807843E+00 0.662851802E+00
 0.663744899E+00 0.664407669E+00 0.664781646E+00 0.664822781E+00 0.664494083E+00
 0.663726457E+00 0.662295724E+00 0.660188387E+00 0.657570886E+00 0.654456634E+00
 0.650827578E+00 0.646667936E+00 0.641971206E+00 0.636733668E+00 0.630960111E+00
 0.624661848E+00 0.617850579E+00 0.610549895E+00 0.602859985E+00 0.595242131E+00
 0.632386825E+00 0.633537495E+00 0.635637647E+00 0.638555511E+00 0.643072291E+00
 0.645721329E+00 0.647082474E+00 0.650065155E+00 0.651328658E+00 0.651142350E+00
 0.652626404E+00 0.652420646E+00 0.650503548E+00 0.650129588E+00 0.647998792E+00
 0.643678828E+00 0.640898655E+00 0.638648250E+00 0.636838088E+00 0.635410902E+00
 0.634338231E+00 0.633608605E+00 0.633217061E+00 0.633134396E+00 0.633081092E+00
 0.633040917E+00 0.633262080E+00 0.633746949E+00 0.634474745E+00 0.635432904E+00
 0.636618108E+00 0.638036574E+00 0.639681003E+00 0.641322969E+00 0.642854305E+00
 0.644563054E+00 0.646469585E+00 0.648548369E+00 0.650778788E+00 0.653141961E+00
 0.655620940E+00 0.658182719E+00 0.660590254E+00 0.662583695E+00 0.664397242E+00
 0.666003647E+00 0.667308740E+00 0.668231576E+00 0.668708333E+00 0.668679999E+00
 0.668085672E+00 0.666874854E+00 0.665021810E+00 0.662524577E+00 0.659383673E+00
 0.655599216E+00 0.651172098E+00 0.646106510E+00 0.640418022E+00 0.634137203E+00
 0.627303655E+00 0.619956571E+00 0.612104894E+00 0.603646843E+00 0.594423219E+00
 0.619310982E+00 0.621060838E+00 0.623214755E+00 0.625930920E+00 0.629351730E+00
 0.632656117E+00 0.633650733E+00 0.636630393E+00 0.637818232E+00 0.637480171E+00
 0.639191882E+00 0.639132570E+00 0.637290353E+00 0.637413117E+00 0.634621784E+00
 0.631714817E+00 0.629413729E+00 0.627599303E+00 0.626190808E+00 0.625136502E+00
 0.624400945E+00 0.623957131E+00 0.623778122E+00 0.623827253E+00 0.624068214E+00
 0.624490995E+00 0.625110574E+00 0.625942695E+00 0.626992355E+00 0.628257356E+00
 0.629733650E+00 0.631408894E+00 0.633261134E+00 0.635261734E+00 0.637403907E+00
 0.639707003E+00 0.642193755E+00 0.644869051E+00 0.647730497E+00 0.650766362E+00
 0.653946969E+00 0.657221919E+00 0.660507021E+00 0.663704235E+00 0.666699166E+00
 0.669354331E+00 0.671541697E+00 0.673198414E+00 0.674288169E+00 0.674752365E+00
 0.674525831E+00 0.673588170E+00 0.671937481E+00 0.669542596E+00 0.666363938E+00
 0.662404051E+00 0.657682613E+00 0.652190548E+00 0.645927226E+00 0.638967028E+00
 0.631438700E+00 0.623463256E+00 0.615115148E+00 0.606499087E+00 0.598053072E+00
 0.538197495E+00 0.579550870E+00 0.604251636E+00 0.623783575E+00 0.640784802E+00
 0.656296021E+00 0.670838848E+00 0.684718267E+00 0.698132635E+00 0.711219967E+00
 0.724079987E+00 0.736789498E+00 0.749409222E+00 0.761988168E+00 0.774567526E+00
 0.787182544E+00 0.799864081E+00 0.812639291E+00 0.825533816E+00 0.838571251E+00
 0.851773229E+00 0.865161130E+00 0.878755973E+00 0.892576792E+00 0.906644517E+00
 0.920979056E+00 0.935599593E+00 0.950528272E+00 0.965783649E+00 0.981389597E+00
 0.997366443E+00 0.101373846E+01 0.103052883E+01 0.104776296E+01 0.106546723E+01
 0.108366885E+01 0.110239754E+01 0.112168354E+01 0.114155971E+01 0.116206125E+01
 0.118322347E+01 0.120508884E+01 0.122769366E+01 0.125109128E+01 0.127531648E+01
 0.130043534E+01 0.132648766E+01 0.135354506E+01 0.138166309E+01 0.141091099E+01
 0.144137488E+01 0.147311049E+01 0.150624028E+01 0.154083424E+01 0.157701440E+01
 0.161489142E+01 0.165453606E+01 0.169621455E+01 0.174002647E+01 0.178625548E+01
 0.183524462E+01 0.188757800E+01 0.194285043E+01 0.200099108E+01 0.206193194E+01
   89   44
 0.113292724E+01-0.233323705E-01 0.113449269E+01 0.478425700E-06 0.113337238E+01
 0.233852433E-01 0.112982892E+01 0.453713053E-01 0.112424202E+01 0.658053619E-01
 0.111698061E+01 0.846023089E-01 0.110839068E+01 0.101737896E+00 0.109878511E+01
 0.117237860E+00 0.108842011E+01 0.131150770E+00 0.107751382E+01 0.143543331E+00
 0.106626690E+01 0.154511784E+00 0.105482957E+01 0.164141562E+00 0.104334151E+01
 0.172540982E+00 0.103189512E+01 0.179783329E+00 0.102060575E+01 0.186014135E+00
 0.100952239E+01 0.191290451E+00 0.998699027E+00 0.195692502E+00 0.988184822E+00
 0.199316897E+00 0.978020359E+00 0.202278338E+00 0.968221146E+00 0.204634767E+00
 0.958799661E+00 0.206445528E+00 0.949764613E+00 0.207773010E+00 0.941119698E+00
 0.208675124E+00 0.932864350E+00 0.209205706E+00 0.924579674E+00 0.209416479E+00
 0.915840693E+00 0.209290025E+00 0.906637182E+00 0.208768721E+00 0.896962643E+00
 0.207788545E+00 0.886816041E+00 0.206275429E+00 0.876203124E+00 0.204147561E+00
 0.865137192E+00 0.201317858E+00 0.853631913E+00 0.197714526E+00 0.841726603E+00
 0.193214457E+00 0.829486894E+00 0.187674418E+00 0.816988080E+00 0.180973186E+00
 0.804293715E+00 0.173031142E+00 0.791557503E+00 0.163666810E+00 0.778911379E+00
 0.152775656E+00 0.766548070E+00 0.140223053E+00 0.754680468E+00 0.125902817E+00
 0.743574169E+00 0.109715611E+00 0.733537384E+00 0.915916644E-01 0.724943857E+00
 0.714935833E-01 0.718200063E+00 0.494484391E-01 0.713746775E+00 0.255556296E-01
 0.712105850E+00 0.478425701E-06 0.713649626E+00-0.255660031E-01 0.718022690E+00
-0.494883400E-01 0.724694959E+00-0.715782097E-01 0.733214652E+00-0.917390036E-01
 0.743175610E+00-0.109945665E+00 0.754226174E+00-0.126222858E+00 0.766060111E+00
-0.140633498E+00 0.778411433E+00-0.153270820E+00 0.791061298E+00-0.164240575E+00
 0.803817174E+00-0.173671514E+00 0.816540009E+00-0.181672015E+00 0.829079569E+00
-0.188412929E+00 0.841367458E+00-0.193974895E+00 0.853323774E+00-0.198482489E+00
 0.864877943E+00-0.202087514E+00 0.875994466E+00-0.204898385E+00 0.886655576E+00
-0.206993281E+00 0.896845769E+00-0.208464018E+00 0.906558558E+00-0.209393610E+00
 0.915794510E+00-0.209856848E+00 0.924559640E+00-0.209921932E+00 0.932864350E+00
-0.209646455E+00 0.941134388E+00-0.209045495E+00 0.949788349E+00-0.208063856E+00
 0.958825168E+00-0.206647613E+00 0.968239344E+00-0.204739132E+00 0.978020159E+00
-0.202276483E+00 0.988153396E+00-0.199202715E+00 0.998621072E+00-0.195459824E+00
 0.100938028E+01-0.190934894E+00 0.102038056E+01-0.185535768E+00 0.103156890E+01
-0.179190151E+00 0.104289255E+01-0.171838849E+00 0.105423939E+01-0.163346335E+00
 0.106552858E+01-0.153655684E+00 0.107662165E+01-0.142657029E+00 0.108739020E+01
-0.130281488E+00 0.109764799E+01-0.116433432E+00 0.110719939E+01-0.101046455E+00
 0.111580997E+01-0.840634407E-01 0.112319483E+01-0.654443301E-01 0.112899588E+01
-0.451784583E-01 0.113292724E+01-0.233323705E-01
 0.711000000E+02 0.330000000E+01 0.711000000E+02 0.970000000E+01 0.730000000E+02
 0.161000000E+02 0.768000000E+02 0.226000000E+02 0.805000000E+02 0.291000000E+02
 0.843000000E+02 0.356000000E+02 0.880000000E+02 0.422000000E+02 0.935000000E+02
 0.455000000E+02 0.100500000E+03 0.455000000E+02 0.104500000E+03 0.480000000E+02
 0.105600000E+03 0.531000000E+02 0.108100000E+03 0.538000000E+02 0.112100000E+03
 0.499000000E+02 0.117100000E+03 0.485000000E+02 0.123000000E+03 0.496000000E+02
 0.125300000E+03 0.462000000E+02 0.124700000E+03 0.384000000E+02 0.124700000E+03
 0.297000000E+02 0.125400000E+03 0.222000000E+02 0.126600000E+03 0.174000000E+02
 0.127900000E+03 0.125000000E+02 0.128500000E+03 0.510000000E+01 0.128500000E+03
-0.520000000E+01 0.127800000E+03-0.128000000E+02 0.126500000E+03-0.176000000E+02
 0.125300000E+03-0.223000000E+02 0.124700000E+03-0.284000000E+02 0.124700000E+03
-0.359000000E+02 0.124700000E+03-0.419000000E+02 0.124900000E+03-0.470000000E+02
 0.122200000E+03-0.493000000E+02 0.116700000E+03-0.484000000E+02 0.112000000E+03
-0.500000000E+02 0.107900000E+03-0.541000000E+02 0.104800000E+03-0.508000000E+02
 0.100000000E+03-0.455000000E+02 0.931000000E+02-0.455000000E+02 0.881000000E+02
-0.423000000E+02 0.837000000E+02-0.347000000E+02 0.787000000E+02-0.260000000E+02
 0.737000000E+02-0.173000000E+02 0.711000000E+02-0.910000000E+01 0.711000000E+02
-0.270000000E+01 0.711000000E+02 0.330000000E+01
