delta = -0.689, kappa = 1.688
r = [1.25873156, 1.25872769, 1.25871778, 1.25870073, 1.25867815,
       1.25864891, 1.25861297, 1.2585703 , 1.25852086, 1.2584646 ,
       1.25840148, 1.25833145, 1.2582543 , 1.25817095, 1.25808244,
       1.25798772, 1.25788493, 1.25777399, 1.2576557 , 1.25753069,
       1.25739882, 1.25725996, 1.25711397, 1.25696073, 1.25679999,
       1.25663127, 1.25645621, 1.2562742 , 1.25608421, 1.25588606,
       1.25567955, 1.25546594, 1.25524451, 1.25501368, 1.25477329,
       1.25452478, 1.2542684 , 1.25400393, 1.25373115, 1.25344981,
       1.25315979, 1.25285977, 1.25254999, 1.25223098, 1.25190242,
       1.251564  , 1.25121591, 1.25085653, 1.25048724, 1.25010789,
       1.24971813, 1.24931757, 1.24890589, 1.24848286, 1.2480483 ,
       1.24760179, 1.24714285, 1.246672  , 1.2461894 , 1.24569382,
       1.24518556, 1.24466409, 1.24412871, 1.24358051, 1.24301802,
       1.24244066, 1.24184808, 1.2412416 , 1.24062062, 1.23998446,
       1.23933279, 1.23866461, 1.23798019, 1.23727874, 1.2365594 ,
       1.23582292, 1.23506954, 1.23429781, 1.23350865, 1.23270029,
       1.23187164, 1.23102222, 1.23015429, 1.22926633, 1.22835744,
       1.22742702, 1.22647506, 1.22550055, 1.2245035 , 1.22348443,
       1.22244185, 1.22137514, 1.22028433, 1.21916895, 1.21802806,
       1.21686224, 1.21567022, 1.21445209, 1.21320653, 1.21193444,
       1.21063542, 1.20930798, 1.20795287, 1.20656873, 1.20515544,
       1.20371292, 1.20224224, 1.2007398 , 1.19921104, 1.19765113,
       1.19605869, 1.19443421, 1.19277628, 1.19108097, 1.18934325,
       1.18755831, 1.18569124, 1.18371369, 1.18150946, 1.17888297,
       1.17558611, 1.17154515, 1.16699243, 1.16218064, 1.15725401,
       1.15228358, 1.14728801, 1.14230248, 1.13732658, 1.13237445,
       1.12744358, 1.12254191, 1.11767349, 1.11283745, 1.10803684,
       1.10327185, 1.09854518, 1.09385838, 1.08920986, 1.08460289,
       1.08003686, 1.07551309, 1.07103117, 1.06659217, 1.06219672,
       1.05784446, 1.0535359 , 1.04927129, 1.04505042, 1.04087329,
       1.03673991, 1.03265008, 1.02860363, 1.02460034, 1.02063978,
       1.01672186, 1.01284609, 1.00901205, 1.0052192 , 1.00146741,
       0.9977561 , 0.99408444, 0.99045222, 0.98685894, 0.98330424,
       0.97978737, 0.97630753, 0.97286444, 0.96945732, 0.96608652,
       0.96275089, 0.95944945, 0.95618208, 0.95294804, 0.94974716,
       0.94657847, 0.94344205, 0.94033707, 0.93726274, 0.93421942,
       0.93120539, 0.92822115, 0.92526608, 0.9223399 , 0.91944174,
       0.91657114, 0.91372762, 0.91091075, 0.90812058, 0.90535656,
       0.90261884, 0.8999062 , 0.89721899, 0.89455636, 0.89191764,
       0.88930241, 0.88671134, 0.88414435, 0.88160051, 0.8790788 ,
       0.87658057, 0.87410447, 0.87165035, 0.86921791, 0.86680701,
       0.86441913, 0.86205217, 0.85970552, 0.85737882, 0.85507312,
       0.85278988, 0.85052637, 0.84828337, 0.84606062, 0.84385783,
       0.84167514, 0.83951333, 0.83737097, 0.83524785, 0.83314378,
       0.83106048, 0.82899797, 0.82695459, 0.8249304 , 0.82292524,
       0.82094132, 0.81897797, 0.81703383, 0.81510901, 0.81320343,
       0.81131889, 0.80945177, 0.80760796, 0.80578439, 0.8039811 ,
       0.8021981 , 0.80043542, 0.79869302, 0.7969709 , 0.79527096,
       0.79359204, 0.79193473, 0.79029915, 0.78868544, 0.7870935 ,
       0.78552318, 0.7839746 , 0.78244831, 0.78094643, 0.77946748,
       0.77801161, 0.77657906, 0.77517004, 0.77378475, 0.77242336,
       0.77108607, 0.76977371, 0.76848655, 0.76722466, 0.76598828,
       0.764778  , 0.76359354, 0.76243517, 0.76130343, 0.76019833,
       0.75911959, 0.75806744, 0.75704341, 0.75604877, 0.75508177,
       0.75414153, 0.7532305 , 0.7523488 , 0.75149617, 0.75067285,
       0.74987989, 0.7491144 , 0.74838121, 0.74767812, 0.74700502,
       0.74636218, 0.74574979, 0.74516795, 0.74461724, 0.74409862,
       0.74361228, 0.74315725, 0.74273273, 0.74234122, 0.7419805 ,
       0.74165255, 0.74135767, 0.74109612, 0.74086647, 0.74066845,
       0.74050327, 0.74037102, 0.74027082, 0.74020392, 0.74017097,
       0.74017046, 0.74020234, 0.74026661, 0.74036323, 0.74049202,
       0.74065479, 0.74085012, 0.74107802, 0.74133841, 0.7416311 ,
       0.741956  , 0.74231402, 0.7427037 , 0.7431249 , 0.74357653,
       0.74405917, 0.74457623, 0.74512492, 0.74570459, 0.74631507,
       0.74695616, 0.74762772, 0.74832966, 0.74906178, 0.74982384,
       0.75061577, 0.75143733, 0.75228801, 0.75316689, 0.75407652,
       0.75501454, 0.75598051, 0.75697417, 0.75799526, 0.75904465,
       0.76012191, 0.76122568, 0.76235569, 0.76351173, 0.76469493,
       0.76590525, 0.76714067, 0.76840134, 0.76968701, 0.77099745,
       0.7723324 , 0.77369198, 0.77507542, 0.77648364, 0.77791565,
       0.77937127, 0.78085033, 0.78235263, 0.78387799, 0.78542557,
       0.78699496, 0.78858602, 0.79019863, 0.79183448, 0.79349029,
       0.79516881, 0.79686849, 0.79858925, 0.80033104, 0.8020946 ,
       0.80387714, 0.80568008, 0.80750406, 0.80934906, 0.81121482,
       0.81309942, 0.81500353, 0.8169279 , 0.81887259, 0.82083767,
       0.82282319, 0.82482728, 0.82685137, 0.8288954 , 0.83095898,
       0.83304274, 0.83514614, 0.8372693 , 0.83941275, 0.8415759 ,
       0.84375898, 0.84596195, 0.84818528, 0.85042936, 0.85269305,
       0.85497859, 0.857284  , 0.85960984, 0.86195755, 0.86432694,
       0.86671652, 0.8691283 , 0.8715613 , 0.87401536, 0.87649234,
       0.87899285, 0.8815156 , 0.8840607 , 0.88662897, 0.88922073,
       0.89183637, 0.89447638, 0.89714073, 0.89983023, 0.90254293,
       0.90528277, 0.90804754, 0.91083883, 0.91365726, 0.91650245,
       0.91937486, 0.92227411, 0.9252025 , 0.92815965, 0.93114532,
       0.93416013, 0.93720495, 0.94028111, 0.94338825, 0.94652618,
       0.94969597, 0.95289868, 0.95613473, 0.95940391, 0.96270693,
       0.96604479, 0.96941823, 0.97282694, 0.97627193, 0.97975362,
       0.98327259, 0.98682957, 0.99042519, 0.99405941, 0.99773305,
       1.0014466 , 1.00520076, 1.00899554, 1.01283186, 1.01670993,
       1.02063014, 1.0245928 , 1.02859842, 1.03264721, 1.03673934,
       1.04087498, 1.04505437, 1.04927751, 1.05354452, 1.05785522,
       1.06220941, 1.06660728, 1.07104835, 1.07553171, 1.08005782,
       1.08462614, 1.08923544, 1.09388528, 1.09857385, 1.10330159,
       1.10806712, 1.11286738, 1.11770401, 1.12257404, 1.12747302,
       1.13240311, 1.13735961, 1.14233197, 1.14731412, 1.15230377,
       1.15726546, 1.16217107, 1.16696653, 1.1714954 , 1.17551883,
       1.17882381, 1.18147985, 1.18368986, 1.18568957, 1.18756426,
       1.18935844, 1.19110374, 1.19280072, 1.19445898, 1.19608831,
       1.1976804 , 1.19924423, 1.20077704, 1.20227964, 1.20375313,
       1.20519631, 1.20660934, 1.20799483, 1.20935117, 1.21067914,
       1.21197968, 1.21325205, 1.21449734, 1.21571691, 1.21690937,
       1.21807557, 1.2192166 , 1.22033228, 1.22142299, 1.22248991,
       1.22353311, 1.22455381, 1.22555107, 1.22652468, 1.22747595,
       1.22840726, 1.22931676, 1.23020459, 1.23107189, 1.23191936,
       1.23274813, 1.23355671, 1.2343462 , 1.23511759, 1.23587137,
       1.23660697, 1.23732533, 1.23802538, 1.23870931, 1.23937788,
       1.24003152, 1.24066841, 1.2412887 , 1.24189313, 1.24248304,
       1.24305956, 1.24362275, 1.2441713 , 1.24470564, 1.24522634,
       1.24573373, 1.24622888, 1.2467115 , 1.24718091, 1.24763939,
       1.24808439, 1.2485181 , 1.24894097, 1.24935339, 1.24975474,
       1.25014378, 1.25052178, 1.25089042, 1.25124966, 1.25159809,
       1.25193581, 1.25226315, 1.25258046, 1.25288876, 1.25318847,
       1.25347921, 1.25376067, 1.2540331 , 1.25429677, 1.25455325,
       1.25480047, 1.25503817, 1.25526666, 1.25548724, 1.25570046,
       1.25590649, 1.25610505, 1.25629492, 1.25647715, 1.25665188,
       1.25681884, 1.25697872, 1.25713074, 1.25727561, 1.25741345,
       1.25754437, 1.25766893, 1.25778582, 1.25789484, 1.25799646,
       1.25809187, 1.25818118, 1.2582636 , 1.25833884, 1.25840763,
       1.25847002, 1.25852606, 1.25857579, 1.25861751, 1.25865171,
       1.25868095, 1.25870353, 1.25871948, 1.25872883, 1.25873156]
z = [ 1.18056814e-04,  2.43587706e-03,  4.75399946e-03,  7.07270964e-03,
        9.39236198e-03,  1.17132346e-02,  1.40356289e-02,  1.63598461e-02,
        1.86861873e-02,  2.10149538e-02,  2.33464471e-02,  2.56809688e-02,
        2.80188019e-02,  3.03603793e-02,  3.27061917e-02,  3.50564498e-02,
        3.74111875e-02,  3.97706792e-02,  4.21353749e-02,  4.45057245e-02,
        4.68820497e-02,  4.92646781e-02,  5.16539298e-02,  5.40501330e-02,
        5.64535860e-02,  5.88645176e-02,  6.12837418e-02,  6.37114987e-02,
        6.61478816e-02,  6.85932115e-02,  7.10478103e-02,  7.35124857e-02,
        7.59874287e-02,  7.84725039e-02,  8.09680272e-02,  8.34749498e-02,
        8.59938246e-02,  8.85250401e-02,  9.10689852e-02,  9.36260493e-02,
        9.61966788e-02,  9.87807777e-02,  1.01378936e-01,  1.03991919e-01,
        1.06620113e-01,  1.09263913e-01,  1.11923979e-01,  1.14600029e-01,
        1.17293371e-01,  1.20004549e-01,  1.22734000e-01,  1.25482156e-01,
        1.28249493e-01,  1.31036537e-01,  1.33843890e-01,  1.36671988e-01,
        1.39521258e-01,  1.42392804e-01,  1.45287535e-01,  1.48205436e-01,
        1.51147559e-01,  1.54114395e-01,  1.57106316e-01,  1.60125079e-01,
        1.63170539e-01,  1.66243217e-01,  1.69343828e-01,  1.72474538e-01,
        1.75635997e-01,  1.78828812e-01,  1.82053902e-01,  1.85311631e-01,
        1.88603539e-01,  1.91930232e-01,  1.95292282e-01,  1.98691867e-01,
        2.02130809e-01,  2.05609246e-01,  2.09129869e-01,  2.12692564e-01,
        2.16297963e-01,  2.19947376e-01,  2.23645402e-01,  2.27392478e-01,
        2.31189773e-01,  2.35038940e-01,  2.38942397e-01,  2.42901491e-01,
        2.46918970e-01,  2.50998448e-01,  2.55141055e-01,  2.59349191e-01,
        2.63626320e-01,  2.67975486e-01,  2.72399209e-01,  2.76902516e-01,
        2.81487958e-01,  2.86160401e-01,  2.90922831e-01,  2.95782184e-01,
        3.00743716e-01,  3.05811254e-01,  3.10992915e-01,  3.16293687e-01,
        3.21721295e-01,  3.27284305e-01,  3.32994388e-01,  3.38854639e-01,
        3.44887694e-01,  3.51096063e-01,  3.57490141e-01,  3.64085802e-01,
        3.70896003e-01,  3.77928970e-01,  3.85190939e-01,  3.92689357e-01,
        4.00351014e-01,  4.08111084e-01,  4.15642031e-01,  4.22332894e-01,
        4.27322435e-01,  4.30183758e-01,  4.31448860e-01,  4.31807876e-01,
        4.31674429e-01,  4.31258177e-01,  4.30600274e-01,  4.29817787e-01,
        4.28896918e-01,  4.27887060e-01,  4.26768690e-01,  4.25570531e-01,
        4.24307138e-01,  4.22968984e-01,  4.21567453e-01,  4.20098573e-01,
        4.18574618e-01,  4.17002719e-01,  4.15367433e-01,  4.13689926e-01,
        4.11962352e-01,  4.10193787e-01,  4.08376868e-01,  4.06520166e-01,
        4.04630711e-01,  4.02701392e-01,  4.00738902e-01,  3.98749992e-01,
        3.96730484e-01,  3.94680613e-01,  3.92607844e-01,  3.90513236e-01,
        3.88394882e-01,  3.86255884e-01,  3.84100989e-01,  3.81925835e-01,
        3.79735134e-01,  3.77530193e-01,  3.75313385e-01,  3.73082030e-01,
        3.70838827e-01,  3.68587535e-01,  3.66326230e-01,  3.64055689e-01,
        3.61775654e-01,  3.59488343e-01,  3.57195880e-01,  3.54897081e-01,
        3.52593705e-01,  3.50281645e-01,  3.47964616e-01,  3.45645014e-01,
        3.43321041e-01,  3.40993898e-01,  3.38662419e-01,  3.36328511e-01,
        3.33990208e-01,  3.31648890e-01,  3.29305662e-01,  3.26957874e-01,
        3.24609589e-01,  3.22257774e-01,  3.19903088e-01,  3.17545095e-01,
        3.15185061e-01,  3.12822993e-01,  3.10459067e-01,  3.08093196e-01,
        3.05724263e-01,  3.03352656e-01,  3.00977125e-01,  2.98599613e-01,
        2.96218442e-01,  2.93834697e-01,  2.91448896e-01,  2.89061100e-01,
        2.86669229e-01,  2.84272869e-01,  2.81873120e-01,  2.79471186e-01,
        2.77064083e-01,  2.74653581e-01,  2.72239403e-01,  2.69821469e-01,
        2.67399512e-01,  2.64970769e-01,  2.62538101e-01,  2.60101934e-01,
        2.57662301e-01,  2.55217229e-01,  2.52764411e-01,  2.50307297e-01,
        2.47844459e-01,  2.45375941e-01,  2.42901784e-01,  2.40421536e-01,
        2.37933984e-01,  2.35440620e-01,  2.32941421e-01,  2.30436326e-01,
        2.27923186e-01,  2.25401843e-01,  2.22873930e-01,  2.20339200e-01,
        2.17797604e-01,  2.15246767e-01,  2.12687307e-01,  2.10120429e-01,
        2.07545899e-01,  2.04963663e-01,  2.02371988e-01,  1.99774007e-01,
        1.97164496e-01,  1.94546128e-01,  1.91918843e-01,  1.89282586e-01,
        1.86637310e-01,  1.83983016e-01,  1.81319681e-01,  1.78645886e-01,
        1.75962553e-01,  1.73269270e-01,  1.70566011e-01,  1.67852736e-01,
        1.65129581e-01,  1.62396699e-01,  1.59654065e-01,  1.56901397e-01,
        1.54137513e-01,  1.51363447e-01,  1.48579220e-01,  1.45784808e-01,
        1.42980224e-01,  1.40165491e-01,  1.37340645e-01,  1.34505733e-01,
        1.31660489e-01,  1.28804959e-01,  1.25939295e-01,  1.23063565e-01,
        1.20177710e-01,  1.17282048e-01,  1.14376666e-01,  1.11461543e-01,
        1.08536903e-01,  1.05603064e-01,  1.02660139e-01,  9.97078007e-02,
        9.67458662e-02,  9.37752235e-02,  9.07963796e-02,  8.78087922e-02,
        8.48127004e-02,  8.18084715e-02,  7.87963048e-02,  7.57762047e-02,
        7.27492069e-02,  6.97143606e-02,  6.66725418e-02,  6.36240606e-02,
        6.05691533e-02,  5.75080684e-02,  5.44410851e-02,  5.13684004e-02,
        4.82901686e-02,  4.52067008e-02,  4.21184838e-02,  3.90259338e-02,
        3.59290324e-02,  3.28283887e-02,  2.97240948e-02,  2.66164764e-02,
        2.35058722e-02,  2.03927473e-02,  1.72774385e-02,  1.41601986e-02,
        1.10413733e-02,  7.92133650e-03,  4.80039038e-03,  1.67889297e-03,
       -1.44278202e-03, -4.56430151e-03, -7.68533320e-03, -1.08055459e-02,
       -1.39246163e-02, -1.70421138e-02, -2.01577504e-02, -2.32711851e-02,
       -2.63820841e-02, -2.94901259e-02, -3.25949841e-02, -3.56962159e-02,
       -3.87936489e-02, -4.18869828e-02, -4.49760682e-02, -4.80605255e-02,
       -5.11394557e-02, -5.42129605e-02, -5.72808367e-02, -6.03428108e-02,
       -6.33986194e-02, -6.64479913e-02, -6.94906457e-02, -7.25263320e-02,
       -7.55548197e-02, -7.85758320e-02, -8.15891458e-02, -8.45946272e-02,
       -8.75922820e-02, -9.05810523e-02, -9.35613831e-02, -9.65331676e-02,
       -9.94962502e-02, -1.02450489e-01, -1.05395316e-01, -1.08330638e-01,
       -1.11256745e-01, -1.14173531e-01, -1.17080894e-01, -1.19978127e-01,
       -1.22865013e-01, -1.25742240e-01, -1.28609567e-01, -1.31466929e-01,
       -1.34314276e-01, -1.37151569e-01, -1.39978591e-01, -1.42795589e-01,
       -1.45601913e-01, -1.48397949e-01, -1.51183664e-01, -1.53959032e-01,
       -1.56724041e-01, -1.59478681e-01, -1.62223382e-01, -1.64958337e-01,
       -1.67683573e-01, -1.70399127e-01, -1.73103763e-01, -1.75799712e-01,
       -1.78484978e-01, -1.81160633e-01, -1.83826706e-01, -1.86483232e-01,
       -1.89129588e-01, -1.91768018e-01, -1.94397439e-01, -1.97017332e-01,
       -1.99627713e-01, -2.02228821e-01, -2.04822428e-01, -2.07408056e-01,
       -2.09985098e-01, -2.12553571e-01, -2.15113494e-01, -2.17664889e-01,
       -2.20209778e-01, -2.22746890e-01, -2.25276411e-01, -2.27798928e-01,
       -2.30313939e-01, -2.32822231e-01, -2.35323893e-01, -2.37818519e-01,
       -2.40307038e-01, -2.42789438e-01, -2.45266058e-01, -2.47736591e-01,
       -2.50200811e-01, -2.52660552e-01, -2.55113117e-01, -2.57561559e-01,
       -2.60005520e-01, -2.62443299e-01, -2.64875505e-01, -2.67304861e-01,
       -2.69728739e-01, -2.72149152e-01, -2.74566947e-01, -2.76979560e-01,
       -2.79386388e-01, -2.81790199e-01, -2.84191479e-01, -2.86589364e-01,
       -2.88983949e-01, -2.91375127e-01, -2.93762612e-01, -2.96147204e-01,
       -2.98527967e-01, -3.00910008e-01, -3.03285521e-01, -3.05660315e-01,
       -3.08031682e-01, -3.10398975e-01, -3.12764124e-01, -3.15127014e-01,
       -3.17489900e-01, -3.19847696e-01, -3.22202504e-01, -3.24556393e-01,
       -3.26908904e-01, -3.29258840e-01, -3.31603180e-01, -3.33944516e-01,
       -3.36285181e-01, -3.38623174e-01, -3.40956151e-01, -3.43284111e-01,
       -3.45609771e-01, -3.47932370e-01, -3.50249373e-01, -3.52559284e-01,
       -3.54865966e-01, -3.57166558e-01, -3.59461423e-01, -3.61749708e-01,
       -3.64029521e-01, -3.66299309e-01, -3.68562564e-01, -3.70816255e-01,
       -3.73059718e-01, -3.75289831e-01, -3.77510741e-01, -3.79715690e-01,
       -3.81906079e-01, -3.84080836e-01, -3.86240816e-01, -3.88379547e-01,
       -3.90495690e-01, -3.92587513e-01, -3.94660047e-01, -3.96709706e-01,
       -3.98729278e-01, -4.00721816e-01, -4.02680951e-01, -4.04604764e-01,
       -4.06497061e-01, -4.08351563e-01, -4.10159989e-01, -4.11930474e-01,
       -4.13659149e-01, -4.15337812e-01, -4.16966603e-01, -4.18535897e-01,
       -4.20053172e-01, -4.21512938e-01, -4.22901505e-01, -4.24233085e-01,
       -4.25495679e-01, -4.26672654e-01, -4.27780539e-01, -4.28803062e-01,
       -4.29702905e-01, -4.30466815e-01, -4.31098068e-01, -4.31479689e-01,
       -4.31538528e-01, -4.31126317e-01, -4.29787702e-01, -4.26877791e-01,
       -4.21919776e-01, -4.15320309e-01, -4.07808358e-01, -4.00110372e-01,
       -3.92468836e-01, -3.84993432e-01, -3.77748984e-01, -3.70718361e-01,
       -3.63907239e-01, -3.57320920e-01, -3.50924193e-01, -3.44722449e-01,
       -3.38695931e-01, -3.32833968e-01, -3.27127482e-01, -3.21563720e-01,
       -3.16133636e-01, -3.10833449e-01, -3.05652099e-01, -3.00583644e-01,
       -2.95622864e-01, -2.90762168e-01, -2.85997553e-01, -2.81325693e-01,
       -2.76739252e-01, -2.72234864e-01, -2.67809744e-01, -2.63459444e-01,
       -2.59180632e-01, -2.54971317e-01, -2.50828096e-01, -2.46749352e-01,
       -2.42730721e-01, -2.38769082e-01, -2.34863432e-01, -2.31014066e-01,
       -2.27216205e-01, -2.23467727e-01, -2.19767763e-01, -2.16114999e-01,
       -2.12508622e-01, -2.08945074e-01, -2.05423732e-01, -2.01943887e-01,
       -1.98504331e-01, -1.95102868e-01, -1.91738909e-01, -1.88409963e-01,
       -1.85116727e-01, -1.81858492e-01, -1.78634290e-01, -1.75441233e-01,
       -1.72278320e-01, -1.69145070e-01, -1.66041498e-01, -1.62967428e-01,
       -1.59921809e-01, -1.56902598e-01, -1.53909205e-01, -1.50941143e-01,
       -1.47997749e-01, -1.45078925e-01, -1.42183590e-01, -1.39310483e-01,
       -1.36460344e-01, -1.33630726e-01, -1.30822320e-01, -1.28034663e-01,
       -1.25267271e-01, -1.22519064e-01, -1.19788695e-01, -1.17076285e-01,
       -1.14382120e-01, -1.11705545e-01, -1.09045204e-01, -1.06400605e-01,
       -1.03771385e-01, -1.01157189e-01, -9.85579612e-02, -9.59733578e-02,
       -9.34026829e-02, -9.08453034e-02, -8.83008538e-02, -8.57689663e-02,
       -8.32497875e-02, -8.07420407e-02, -7.82452225e-02, -7.57590438e-02,
       -7.32835510e-02, -7.08185003e-02, -6.83635134e-02, -6.59180711e-02,
       -6.34814174e-02, -6.10534857e-02, -5.86339370e-02, -5.62223194e-02,
       -5.38184446e-02, -5.14217558e-02, -4.90320689e-02, -4.66490521e-02,
       -4.42723742e-02, -4.19017879e-02, -3.95366987e-02, -3.71767523e-02,
       -3.48217242e-02, -3.24714736e-02, -3.01256686e-02, -2.77838651e-02,
       -2.54457120e-02, -2.31109808e-02, -2.07793530e-02, -1.84505106e-02,
       -1.61241361e-02, -1.37998012e-02, -1.14772681e-02, -9.15636573e-03,
       -6.83668432e-03, -4.51792158e-03, -2.19977528e-03,  1.18056814e-04]

delta = -0.494, kappa = 1.689
r = [1.25901228, 1.25900773, 1.25899554, 1.258974  , 1.25894595,
       1.25890957, 1.25886482, 1.25881167, 1.25875006, 1.25867996,
       1.25860131, 1.25851405, 1.25841805, 1.25831425, 1.25820357,
       1.25808515, 1.25795695, 1.25781887, 1.25767164, 1.25751599,
       1.25735178, 1.25717888, 1.25699713, 1.25680636, 1.2566064 ,
       1.2563967 , 1.25617892, 1.25595235, 1.25571598, 1.25546963,
       1.2552131 , 1.25494754, 1.2546723 , 1.25438592, 1.2540881 ,
       1.25377999, 1.2534622 , 1.25313451, 1.25279665, 1.25244838,
       1.25208941, 1.25171793, 1.25133469, 1.25094027, 1.25053435,
       1.25011661, 1.24968722, 1.24924407, 1.24878843, 1.2483208 ,
       1.24784079, 1.24734802, 1.24684143, 1.2463203 , 1.24578581,
       1.24523753, 1.24467498, 1.24409758, 1.24350507, 1.24289792,
       1.24227557, 1.24163714, 1.24098201, 1.24031061, 1.23962321,
       1.23891894, 1.238197  , 1.23745656, 1.23669948, 1.23592461,
       1.23513013, 1.23431508, 1.23348017, 1.23262644, 1.23175308,
       1.23085924, 1.22994401, 1.22900676, 1.22804585, 1.22706358,
       1.22605896, 1.22503074, 1.22397784, 1.22289909, 1.22179529,
       1.22066676, 1.21951225, 1.21833039, 1.21712023, 1.2158834 ,
       1.21461701, 1.21332096, 1.2119937 , 1.2106361 , 1.20924806,
       1.20782733, 1.20637233, 1.20488422, 1.20336209, 1.20180403,
       1.20020926, 1.19857745, 1.19690673, 1.19519509, 1.19344406,
       1.19165254, 1.18981743, 1.18793892, 1.18601619, 1.18404615,
       1.18202893, 1.17996244, 1.17784484, 1.17567492, 1.17345136,
       1.17117225, 1.16883525, 1.16643572, 1.1639773 , 1.1614551 ,
       1.1588628 , 1.15619523, 1.15345735, 1.15063565, 1.14772579,
       1.1447208 , 1.1416083 , 1.13835677, 1.13493358, 1.13127639,
       1.12728118, 1.12290353, 1.11822519, 1.11337956, 1.10847542,
       1.10357368, 1.09870264, 1.09387752, 1.08910391, 1.08438914,
       1.07973258, 1.0751359 , 1.07059867, 1.06612078, 1.06170174,
       1.05734033, 1.05303581, 1.04878713, 1.04459293, 1.04045222,
       1.03636394, 1.03232694, 1.02834013, 1.02440232, 1.02051253,
       1.01666978, 1.01287294, 1.00912085, 1.00541269, 1.00174748,
       0.9981243 , 0.99454196, 0.99099989, 0.98749754, 0.98403348,
       0.98060647, 0.97721683, 0.9738626 , 0.97054401, 0.96726013,
       0.96401039, 0.96079351, 0.95760843, 0.9544556 , 0.95133439,
       0.94824352, 0.94518222, 0.94215045, 0.93914823, 0.93617411,
       0.9332272 , 0.93030685, 0.92741361, 0.92454769, 0.92170755,
       0.91889197, 0.91610198, 0.91333609, 0.91059404, 0.9078752 ,
       0.90518056, 0.90250946, 0.89986047, 0.89723379, 0.89462856,
       0.89204565, 0.88948438, 0.8869442 , 0.88442462, 0.88192485,
       0.87944689, 0.87698863, 0.87454917, 0.87212918, 0.86972981,
       0.86735075, 0.86499091, 0.86264829, 0.86032401, 0.85801947,
       0.8557344 , 0.85346782, 0.85121888, 0.84898732, 0.84677463,
       0.84458083, 0.84240583, 0.84024791, 0.83810653, 0.83598324,
       0.83387886, 0.83179334, 0.82972542, 0.82767414, 0.82564105,
       0.82362716, 0.82163236, 0.81965523, 0.8176952 , 0.8157529 ,
       0.81383082, 0.8119254 , 0.81003888, 0.80817382, 0.80632709,
       0.80449876, 0.80268888, 0.8008975 , 0.79912533, 0.79737471,
       0.79564492, 0.79393517, 0.7922456 , 0.79057671, 0.78892911,
       0.78730187, 0.78569512, 0.78411055, 0.78254951, 0.78101139,
       0.77949533, 0.77800176, 0.77653096, 0.77508321, 0.77365876,
       0.77225885, 0.77088483, 0.76953465, 0.76820956, 0.7669099 ,
       0.76563606, 0.76438854, 0.76316742, 0.76197326, 0.76080627,
       0.75966601, 0.75855285, 0.75746872, 0.7564147 , 0.75538901,
       0.75439086, 0.75342328, 0.7524859 , 0.75157871, 0.75070207,
       0.74985719, 0.74904093, 0.74825882, 0.74750818, 0.74678915,
       0.74610208, 0.74544728, 0.74482485, 0.7442354 , 0.74368013,
       0.74315931, 0.74267148, 0.74221677, 0.74179705, 0.74141029,
       0.74105866, 0.74074258, 0.7404623 , 0.74021632, 0.74000416,
       0.73982735, 0.7396861 , 0.73957942, 0.73950859, 0.73947401,
       0.73947441, 0.73950984, 0.73958029, 0.73968556, 0.73982533,
       0.74000153, 0.74021284, 0.74045926, 0.74074072, 0.74105701,
       0.74140763, 0.74179346, 0.74221328, 0.74266688, 0.74315309,
       0.74367211, 0.74422787, 0.74481701, 0.7454391 , 0.74609388,
       0.74678107, 0.74750046, 0.74825168, 0.74903472, 0.74984907,
       0.75069469, 0.75157122, 0.75247804, 0.75341413, 0.75438217,
       0.75537962, 0.75640582, 0.75746042, 0.75854305, 0.75965445,
       0.76079468, 0.76196175, 0.7631553 , 0.76437508, 0.76562232,
       0.76689695, 0.7681969 , 0.76952185, 0.77087147, 0.77224543,
       0.77364448, 0.77506805, 0.77651376, 0.77798407, 0.77947848,
       0.78099565, 0.78253531, 0.78409721, 0.78568126, 0.78728749,
       0.78891424, 0.79056133, 0.79223003, 0.79392093, 0.79563047,
       0.79736053, 0.79911098, 0.80088114, 0.8026706 , 0.80448073,
       0.80630933, 0.808157  , 0.8100237 , 0.81190938, 0.81381384,
       0.81573719, 0.8176791 , 0.819639  , 0.82161694, 0.82361297,
       0.82562714, 0.82765964, 0.82970974, 0.83177889, 0.83386554,
       0.83596985, 0.8380917 , 0.84023162, 0.84239033, 0.84456716,
       0.84676116, 0.84897382, 0.85120464, 0.85345323, 0.85572086,
       0.8580071 , 0.86031029, 0.86263353, 0.86497558, 0.86733674,
       0.86971762, 0.87211755, 0.87453664, 0.87697459, 0.87943337,
       0.88191238, 0.88441203, 0.88693176, 0.88947262, 0.89203531,
       0.89461837, 0.89722233, 0.89984839, 0.90249743, 0.90516995,
       0.90786468, 0.91058253, 0.91332492, 0.91609126, 0.91888211,
       0.92169755, 0.92453792, 0.92740446, 0.93029781, 0.93321811,
       0.93616437, 0.93913932, 0.94214243, 0.94517446, 0.94823619,
       0.95132747, 0.95444895, 0.9576018 , 0.96078685, 0.96400438,
       0.96725459, 0.9705384 , 0.97385725, 0.97721128, 0.98060171,
       0.98402867, 0.98749304, 0.99099587, 0.994538  , 0.99812075,
       1.00174435, 1.00540977, 1.00911815, 1.01287049, 1.01666783,
       1.02051092, 1.02440101, 1.02833916, 1.03232643, 1.03636384,
       1.04045253, 1.04459372, 1.04878837, 1.05303768, 1.05734279,
       1.06170501, 1.06612464, 1.07060332, 1.07514099, 1.07973897,
       1.084397  , 1.08911462, 1.09388956, 1.09871849, 1.10359144,
       1.10849825, 1.11340859, 1.11826406, 1.12295628, 1.12733852,
       1.13133901, 1.1350017 , 1.1384194 , 1.14166726, 1.14478033,
       1.14778388, 1.15069148, 1.15350987, 1.15624948, 1.1589138 ,
       1.16150528, 1.16402928, 1.16648987, 1.16888538, 1.17122282,
       1.17350346, 1.17572539, 1.17789425, 1.18001303, 1.18207971,
       1.18409647, 1.18606588, 1.18798988, 1.18986803, 1.19170183,
       1.19349323, 1.1952437 , 1.19695488, 1.19862647, 1.20025839,
       1.20185254, 1.20341019, 1.20493234, 1.20642088, 1.20787572,
       1.20929613, 1.21068389, 1.21204061, 1.21336619, 1.21466269,
       1.21592852, 1.21716516, 1.218374  , 1.21955636, 1.22071225,
       1.22184082, 1.22294356, 1.22402096, 1.22507252, 1.22610177,
       1.2271068 , 1.22808813, 1.22904788, 1.22998509, 1.23090066,
       1.23179582, 1.23266897, 1.23352097, 1.23435392, 1.23516862,
       1.23596338, 1.2367387 , 1.23749534, 1.23823402, 1.23895597,
       1.23966018, 1.24034702, 1.24101712, 1.24167111, 1.24230934,
       1.242931  , 1.24353783, 1.24412962, 1.24470729, 1.2452697 ,
       1.24581648, 1.24634984, 1.24687028, 1.24737813, 1.24787179,
       1.24835119, 1.2488173 , 1.24927193, 1.2497147 , 1.25014451,
       1.2505617 , 1.25096663, 1.25135953, 1.25174108, 1.25211214,
       1.25247188, 1.25282053, 1.25315836, 1.25348566, 1.25380362,
       1.25411034, 1.25440569, 1.25468992, 1.25496423, 1.2552294 ,
       1.25548563, 1.25573268, 1.25596906, 1.25619598, 1.25641363,
       1.25662171, 1.25682103, 1.25701064, 1.25719137, 1.25736337,
       1.25752674, 1.25768202, 1.257828  , 1.25796437, 1.25809161,
       1.25821094, 1.2583225 , 1.25842563, 1.25851986, 1.25860594,
       1.25868393, 1.2587539 , 1.2588159 , 1.2588686 , 1.25891173,
       1.25894844, 1.25897683, 1.25899693, 1.25900874, 1.25901228]
z = [ 4.79343281e-05,  2.37276223e-03,  4.69784605e-03,  7.02340345e-03,
        9.34977161e-03,  1.16771637e-02,  1.40058296e-02,  1.63360186e-02,
        1.86679797e-02,  2.10019613e-02,  2.33382117e-02,  2.56769786e-02,
        2.80185001e-02,  3.03631591e-02,  3.27113788e-02,  3.50633429e-02,
        3.74190037e-02,  3.97785769e-02,  4.21424399e-02,  4.45110017e-02,
        4.68845262e-02,  4.92632788e-02,  5.16475183e-02,  5.40374949e-02,
        5.64334667e-02,  5.88355786e-02,  6.12445851e-02,  6.36606290e-02,
        6.60837396e-02,  6.85141654e-02,  7.09521526e-02,  7.33984006e-02,
        7.58530441e-02,  7.83159068e-02,  8.07871821e-02,  8.32676192e-02,
        8.57578235e-02,  8.82580901e-02,  9.07687111e-02,  9.32899763e-02,
        9.58221724e-02,  9.83648669e-02,  1.00918775e-01,  1.03484575e-01,
        1.06062543e-01,  1.08652953e-01,  1.11256347e-01,  1.13872063e-01,
        1.16501193e-01,  1.19144499e-01,  1.21802274e-01,  1.24474804e-01,
        1.27161988e-01,  1.29863868e-01,  1.32581696e-01,  1.35315765e-01,
        1.38066340e-01,  1.40833601e-01,  1.43617968e-01,  1.46420373e-01,
        1.49241065e-01,  1.52080045e-01,  1.54937506e-01,  1.57814441e-01,
        1.60711768e-01,  1.63629555e-01,  1.66567901e-01,  1.69526868e-01,
        1.72508814e-01,  1.75513639e-01,  1.78540587e-01,  1.81589615e-01,
        1.84662217e-01,  1.87760334e-01,  1.90884213e-01,  1.94034054e-01,
        1.97210005e-01,  2.00412484e-01,  2.03640849e-01,  2.06898667e-01,
        2.10186147e-01,  2.13503187e-01,  2.16849827e-01,  2.20226021e-01,
        2.23634035e-01,  2.27075782e-01,  2.30551259e-01,  2.34060354e-01,
        2.37603416e-01,  2.41184340e-01,  2.44801070e-01,  2.48455271e-01,
        2.52146698e-01,  2.55878569e-01,  2.59652974e-01,  2.63468798e-01,
        2.67325875e-01,  2.71228458e-01,  2.75177724e-01,  2.79173275e-01,
        2.83216590e-01,  2.87310080e-01,  2.91453550e-01,  2.95646550e-01,
        2.99895301e-01,  3.04201519e-01,  3.08563024e-01,  3.12984186e-01,
        3.17467712e-01,  3.22011600e-01,  3.26620881e-01,  3.31295955e-01,
        3.36037903e-01,  3.40849416e-01,  3.45733307e-01,  3.50691110e-01,
        3.55723438e-01,  3.60824475e-01,  3.66011640e-01,  3.71279189e-01,
        3.76616195e-01,  3.82013762e-01,  3.87495462e-01,  3.93024603e-01,
        3.98591617e-01,  4.04175419e-01,  4.09730222e-01,  4.15123177e-01,
        4.20191591e-01,  4.24606330e-01,  4.27771931e-01,  4.29262571e-01,
        4.29225645e-01,  4.28138064e-01,  4.26454978e-01,  4.24451414e-01,
        4.22260094e-01,  4.19958693e-01,  4.17574142e-01,  4.15158618e-01,
        4.12708021e-01,  4.10241136e-01,  4.07760587e-01,  4.05274260e-01,
        4.02789010e-01,  4.00302383e-01,  3.97820704e-01,  3.95347372e-01,
        3.92875461e-01,  3.90407292e-01,  3.87949125e-01,  3.85496329e-01,
        3.83050618e-01,  3.80614887e-01,  3.78185532e-01,  3.75761854e-01,
        3.73346074e-01,  3.70939980e-01,  3.68540553e-01,  3.66148199e-01,
        3.63762500e-01,  3.61385628e-01,  3.59014464e-01,  3.56646776e-01,
        3.54286825e-01,  3.51936603e-01,  3.49588727e-01,  3.47249990e-01,
        3.44914477e-01,  3.42583200e-01,  3.40255343e-01,  3.37933438e-01,
        3.35618673e-01,  3.33305967e-01,  3.30995301e-01,  3.28689006e-01,
        3.26387402e-01,  3.24088157e-01,  3.21789195e-01,  3.19493393e-01,
        3.17201465e-01,  3.14913437e-01,  3.12625835e-01,  3.10336611e-01,
        3.08048693e-01,  3.05763775e-01,  3.03477744e-01,  3.01193091e-01,
        2.98909143e-01,  2.96626099e-01,  2.94340623e-01,  2.92053228e-01,
        2.89766052e-01,  2.87477648e-01,  2.85188840e-01,  2.82897009e-01,
        2.80602732e-01,  2.78306268e-01,  2.76007802e-01,  2.73707956e-01,
        2.71402545e-01,  2.69094642e-01,  2.66785091e-01,  2.64472097e-01,
        2.62153295e-01,  2.59828763e-01,  2.57499748e-01,  2.55168683e-01,
        2.52833364e-01,  2.50491353e-01,  2.48142703e-01,  2.45788443e-01,
        2.43429315e-01,  2.41065229e-01,  2.38693936e-01,  2.36315152e-01,
        2.33928768e-01,  2.31536563e-01,  2.29138832e-01,  2.26733501e-01,
        2.24319445e-01,  2.21896560e-01,  2.19466052e-01,  2.17028709e-01,
        2.14582702e-01,  2.12126893e-01,  2.09661312e-01,  2.07187233e-01,
        2.04705051e-01,  2.02214024e-01,  1.99711788e-01,  1.97201483e-01,
        1.94681025e-01,  1.92148224e-01,  1.89605738e-01,  1.87053459e-01,
        1.84491281e-01,  1.81919108e-01,  1.79336372e-01,  1.76741329e-01,
        1.74134619e-01,  1.71516871e-01,  1.68888007e-01,  1.66247740e-01,
        1.63595733e-01,  1.60932668e-01,  1.58258518e-01,  1.55572298e-01,
        1.52873318e-01,  1.50162118e-01,  1.47439337e-01,  1.44704850e-01,
        1.41958633e-01,  1.39200677e-01,  1.36430985e-01,  1.33649096e-01,
        1.30854539e-01,  1.28048540e-01,  1.25230680e-01,  1.22401010e-01,
        1.19559576e-01,  1.16706391e-01,  1.13841657e-01,  1.10965391e-01,
        1.08077766e-01,  1.05179206e-01,  1.02269812e-01,  9.93491467e-02,
        9.64171510e-02,  9.34747596e-02,  9.05224982e-02,  8.75596810e-02,
        8.45867611e-02,  8.16040752e-02,  7.86118409e-02,  7.56100779e-02,
        7.25999415e-02,  6.95803599e-02,  6.65523901e-02,  6.35163431e-02,
        6.04724967e-02,  5.74211444e-02,  5.43626274e-02,  5.12972003e-02,
        4.82250468e-02,  4.51465373e-02,  4.20622990e-02,  3.89726852e-02,
        3.58778404e-02,  3.27784155e-02,  2.96745574e-02,  2.65666546e-02,
        2.34551287e-02,  2.03405266e-02,  1.72232735e-02,  1.41036769e-02,
        1.09821568e-02,  7.85917190e-03,  4.73510381e-03,  1.61039094e-03,
       -1.51452016e-03, -4.63921543e-03, -7.76328042e-03, -1.08863078e-02,
       -1.40079035e-02, -1.71275565e-02, -2.02448955e-02, -2.33594992e-02,
       -2.64709524e-02, -2.95788536e-02, -3.26828412e-02, -3.57824062e-02,
       -3.88772774e-02, -4.19670871e-02, -4.50516225e-02, -4.81304933e-02,
       -5.12026486e-02, -5.42682137e-02, -5.73268825e-02, -6.03783291e-02,
       -6.34222395e-02, -6.64582927e-02, -6.94862103e-02, -7.25056350e-02,
       -7.55163426e-02, -7.85179954e-02, -8.15103419e-02, -8.44932266e-02,
       -8.74666313e-02, -9.04294075e-02, -9.33820022e-02, -9.63243287e-02,
       -9.92562232e-02, -1.02177539e-01, -1.05087713e-01, -1.07986426e-01,
       -1.10874160e-01, -1.13750817e-01, -1.16616275e-01, -1.19469751e-01,
       -1.22310999e-01, -1.25140699e-01, -1.27958788e-01, -1.30765227e-01,
       -1.33559991e-01, -1.36342503e-01, -1.39112848e-01, -1.41872126e-01,
       -1.44618849e-01, -1.47353097e-01, -1.50075462e-01, -1.52785960e-01,
       -1.55484616e-01, -1.58171365e-01, -1.60846051e-01, -1.63509648e-01,
       -1.66162228e-01, -1.68802860e-01, -1.71431032e-01, -1.74049163e-01,
       -1.76655901e-01, -1.79251302e-01, -1.81835823e-01, -1.84409774e-01,
       -1.86972069e-01, -1.89524443e-01, -1.92066449e-01, -1.94598159e-01,
       -1.97119628e-01, -1.99631085e-01, -2.02132480e-01, -2.04624186e-01,
       -2.07106808e-01, -2.09580420e-01, -2.12045099e-01, -2.14500927e-01,
       -2.16947840e-01, -2.19386754e-01, -2.21816284e-01, -2.24238245e-01,
       -2.26652709e-01, -2.29060021e-01, -2.31459814e-01, -2.33851491e-01,
       -2.36236034e-01, -2.38614938e-01, -2.40986625e-01, -2.43352056e-01,
       -2.45712066e-01, -2.48065329e-01, -2.50412754e-01, -2.52757082e-01,
       -2.55094367e-01, -2.57426778e-01, -2.59754299e-01, -2.62076483e-01,
       -2.64394839e-01, -2.66709752e-01, -2.69022334e-01, -2.71329896e-01,
       -2.73634030e-01, -2.75934642e-01, -2.78233409e-01, -2.80529171e-01,
       -2.82821265e-01, -2.85113330e-01, -2.87405278e-01, -2.89695617e-01,
       -2.91983401e-01, -2.94268359e-01, -2.96554330e-01, -2.98840391e-01,
       -3.01124356e-01, -3.03408703e-01, -3.05693351e-01, -3.07979471e-01,
       -3.10267605e-01, -3.12555953e-01, -3.14844137e-01, -3.17133279e-01,
       -3.19428258e-01, -3.21722499e-01, -3.24019564e-01, -3.26318973e-01,
       -3.28620182e-01, -3.30926049e-01, -3.33236818e-01, -3.35550713e-01,
       -3.37866973e-01, -3.40187322e-01, -3.42514382e-01, -3.44847540e-01,
       -3.47183357e-01, -3.49525073e-01, -3.51870246e-01, -3.54222883e-01,
       -3.56583070e-01, -3.58949761e-01, -3.61323143e-01, -3.63699480e-01,
       -3.66084441e-01, -3.68478388e-01, -3.70879465e-01, -3.73287595e-01,
       -3.75701492e-01, -3.78125774e-01, -3.80557597e-01, -3.82995711e-01,
       -3.85439076e-01, -3.87891483e-01, -3.90350839e-01, -3.92822599e-01,
       -3.95294222e-01, -3.97772183e-01, -4.00255904e-01, -4.02747357e-01,
       -4.05232790e-01, -4.07721730e-01, -4.10200536e-01, -4.12674373e-01,
       -4.15132130e-01, -4.17564775e-01, -4.19952357e-01, -4.22273380e-01,
       -4.24469464e-01, -4.26496037e-01, -4.28205754e-01, -4.29336099e-01,
       -4.29431457e-01, -4.27948880e-01, -4.24793598e-01, -4.20389077e-01,
       -4.15284762e-01, -4.09866101e-01, -4.04303701e-01, -3.98705558e-01,
       -3.93122476e-01, -3.87574925e-01, -3.82092314e-01, -3.76678443e-01,
       -3.71333466e-01, -3.66066026e-01, -3.60879982e-01, -3.55763191e-01,
       -3.50727771e-01, -3.45769812e-01, -3.40877921e-01, -3.36060221e-01,
       -3.31317622e-01, -3.26639645e-01, -3.22026209e-01, -3.17477968e-01,
       -3.12994236e-01, -3.08569557e-01, -3.04202824e-01, -2.99893904e-01,
       -2.95641727e-01, -2.91445640e-01, -2.87301569e-01, -2.83206166e-01,
       -2.79159768e-01, -2.75161597e-01, -2.71210490e-01, -2.67306797e-01,
       -2.63447708e-01, -2.59629717e-01, -2.55853266e-01, -2.52118559e-01,
       -2.48423263e-01, -2.44768271e-01, -2.41149423e-01, -2.37566941e-01,
       -2.34020889e-01, -2.30511222e-01, -2.27036256e-01, -2.23593374e-01,
       -2.20182930e-01, -2.16804056e-01, -2.13454842e-01, -2.10137960e-01,
       -2.06849929e-01, -2.03590125e-01, -2.00359605e-01, -1.97156191e-01,
       -1.93979714e-01, -1.90830300e-01, -1.87705353e-01, -1.84604761e-01,
       -1.81529551e-01, -1.78479455e-01, -1.75452037e-01, -1.72446885e-01,
       -1.69463847e-01, -1.66502734e-01, -1.63563745e-01, -1.60645271e-01,
       -1.57746878e-01, -1.54868353e-01, -1.52009459e-01, -1.49169786e-01,
       -1.46348061e-01, -1.43544920e-01, -1.40759557e-01, -1.37991981e-01,
       -1.35240833e-01, -1.32505332e-01, -1.29786352e-01, -1.27083623e-01,
       -1.24396779e-01, -1.21724338e-01, -1.19065788e-01, -1.16421225e-01,
       -1.13791161e-01, -1.11174877e-01, -1.08571328e-01, -1.05980275e-01,
       -1.03401475e-01, -1.00834619e-01, -9.82796173e-02, -9.57364411e-02,
       -9.32042984e-02, -9.06828988e-02, -8.81719754e-02, -8.56712582e-02,
       -8.31808374e-02, -8.06995992e-02, -7.82271684e-02, -7.57633233e-02,
       -7.33081579e-02, -7.08615888e-02, -6.84233186e-02, -6.59929230e-02,
       -6.35696238e-02, -6.11534899e-02, -5.87442560e-02, -5.63415353e-02,
       -5.39452357e-02, -5.15548220e-02, -4.91702074e-02, -4.67911245e-02,
       -4.44173051e-02, -4.20485549e-02, -3.96843543e-02, -3.73243927e-02,
       -3.49685000e-02, -3.26166006e-02, -3.02684215e-02, -2.79235899e-02,
       -2.55817826e-02, -2.32428303e-02, -2.09064688e-02, -1.85724340e-02,
       -1.62404613e-02, -1.39101990e-02, -1.15814086e-02, -9.25400761e-03,
       -6.92762389e-03, -4.60200643e-03, -2.27690412e-03,  4.79343281e-05]

delta = -0.286, kappa = 1.684
r = [1.26091528, 1.26090965, 1.26089308, 1.26086437, 1.26082442,
       1.26077599, 1.26071613, 1.26064478, 1.2605619 , 1.26046743,
       1.26036132, 1.26024352, 1.26011464, 1.2599752 , 1.25982517,
       1.25966543, 1.25949283, 1.25930751, 1.25911064, 1.2589023 ,
       1.25868233, 1.25845035, 1.25820647, 1.25795055, 1.25768206,
       1.25740221, 1.25711122, 1.25680846, 1.25649285, 1.25616418,
       1.25582225, 1.25546905, 1.25510269, 1.2547223 , 1.2543276 ,
       1.25392021, 1.2535002 , 1.25306733, 1.25262135, 1.25216202,
       1.25168898, 1.25120014, 1.25069719, 1.25018016, 1.24964873,
       1.24910293, 1.24854203, 1.24796475, 1.24737226, 1.24676508,
       1.24614284, 1.24550507, 1.24485027, 1.24417807, 1.24348982,
       1.24278533, 1.24206417, 1.24132583, 1.24057022, 1.23979642,
       1.23900428, 1.23819386, 1.23736464, 1.23651614, 1.23564901,
       1.23476319, 1.2338581 , 1.23293279, 1.23198698, 1.23102114,
       1.23003443, 1.22902621, 1.22799581, 1.22694284, 1.22586885,
       1.2247735 , 1.22365617, 1.22251475, 1.22134845, 1.22015667,
       1.21894134, 1.21770229, 1.21643867, 1.21514972, 1.21383474,
       1.21249262, 1.21112414, 1.20972862, 1.20830576, 1.20685413,
       1.20537409, 1.203866  , 1.20232803, 1.20075899, 1.19916117,
       1.19753183, 1.1958711 , 1.19417814, 1.19245186, 1.19069322,
       1.18890156, 1.18707525, 1.18521384, 1.18331699, 1.18138528,
       1.17941645, 1.177409  , 1.17536423, 1.17328119, 1.17115869,
       1.16899553, 1.16679147, 1.16454573, 1.1622573 , 1.15992637,
       1.15755059, 1.15512866, 1.15266081, 1.15014623, 1.14758332,
       1.14497005, 1.14230716, 1.13959209, 1.13682262, 1.13399925,
       1.1311203 , 1.12818318, 1.12518651, 1.12212871, 1.11900724,
       1.11582007, 1.1125653 , 1.10923998, 1.10583998, 1.10236291,
       1.09880411, 1.09515634, 1.09141087, 1.08755563, 1.08356765,
       1.07941091, 1.07505274, 1.07052211, 1.06590593, 1.06128047,
       1.05668672, 1.05214321, 1.04765733, 1.04323233, 1.03886909,
       1.03456732, 1.03032621, 1.02614466, 1.0220213 , 1.01795486,
       1.01394392, 1.00998735, 1.00608328, 1.00223049, 0.99842809,
       0.99467463, 0.99096891, 0.98730953, 0.98369547, 0.98012546,
       0.97659926, 0.97311497, 0.9696713 , 0.96626846, 0.9629054 ,
       0.9595805 , 0.95629305, 0.95304263, 0.94982814, 0.94664909,
       0.94350425, 0.9403931 , 0.93731559, 0.93427105, 0.93125784,
       0.92827515, 0.92532389, 0.92240285, 0.91951146, 0.91664933,
       0.91381565, 0.91100947, 0.90823071, 0.90547956, 0.90275534,
       0.90005738, 0.89738549, 0.89473887, 0.89211738, 0.88952036,
       0.88694722, 0.88439914, 0.88187544, 0.87937413, 0.87689602,
       0.87444146, 0.87200961, 0.86960026, 0.86721277, 0.86484803,
       0.86250542, 0.86018381, 0.85788275, 0.85560191, 0.85334397,
       0.85110713, 0.84889083, 0.84669541, 0.84452051, 0.84236474,
       0.84023159, 0.83811819, 0.83602446, 0.83395012, 0.83189561,
       0.82986302, 0.82785014, 0.82585682, 0.82388286, 0.82192894,
       0.81999705, 0.8180848 , 0.81619215, 0.81431894, 0.81246527,
       0.81063322, 0.80881957, 0.80702887, 0.80525861, 0.80350875,
       0.80177924, 0.80007006, 0.79838114, 0.79671318, 0.79506731,
       0.79344298, 0.79184023, 0.79025912, 0.78869996, 0.78716245,
       0.78564639, 0.78415185, 0.78268062, 0.78123367, 0.77980929,
       0.77840779, 0.7770293 , 0.77567395, 0.77434185, 0.77303313,
       0.77174972, 0.77049076, 0.76925608, 0.76804613, 0.76686109,
       0.76570131, 0.76456716, 0.76345852, 0.76237609, 0.76131958,
       0.76028852, 0.75928342, 0.75830629, 0.7573575 , 0.75643515,
       0.75553872, 0.75467169, 0.75383225, 0.75302043, 0.75223691,
       0.75148138, 0.75075372, 0.75005658, 0.74938915, 0.74875018,
       0.74813985, 0.74755831, 0.74700616, 0.74648438, 0.74599295,
       0.74553199, 0.74510165, 0.74469944, 0.74432869, 0.74398792,
       0.74367816, 0.7433995 , 0.74315153, 0.74293452, 0.7427484 ,
       0.7425931 , 0.74246867, 0.74237433, 0.7423119 , 0.74228193,
       0.74228295, 0.7423143 , 0.74237597, 0.74246794, 0.74259157,
       0.74274756, 0.74293409, 0.74315116, 0.7433987 , 0.74367642,
       0.74398534, 0.74432633, 0.74469727, 0.74509784, 0.74552703,
       0.74598631, 0.7464776 , 0.74700061, 0.74755292, 0.74813431,
       0.74874463, 0.74938373, 0.75005108, 0.75074892, 0.75147562,
       0.7522307 , 0.75301399, 0.75382517, 0.75466349, 0.75553172,
       0.75642799, 0.75735098, 0.7583005 , 0.75927636, 0.76027903,
       0.76131014, 0.76236684, 0.76344889, 0.7645561 , 0.76568969,
       0.76685017, 0.76803568, 0.76924567, 0.77047999, 0.77173846,
       0.77302099, 0.7743295 , 0.77565923, 0.77701409, 0.7783932 ,
       0.7797955 , 0.78122091, 0.78266928, 0.78414052, 0.78563462,
       0.78715024, 0.7886873 , 0.79024575, 0.79182768, 0.79342987,
       0.79505371, 0.7966996 , 0.79836655, 0.80005456, 0.80176439,
       0.80349418, 0.80524374, 0.8070144 , 0.80880619, 0.81061918,
       0.81245206, 0.81430392, 0.81617609, 0.81806873, 0.81998195,
       0.8219159 , 0.82387   , 0.82584249, 0.82783609, 0.82984939,
       0.83188269, 0.83393681, 0.83600999, 0.83810421, 0.84021833,
       0.84235264, 0.84450732, 0.84668208, 0.84887793, 0.85109409,
       0.85333125, 0.85559079, 0.85786933, 0.86016978, 0.86249294,
       0.86483644, 0.86720188, 0.8695898 , 0.87199882, 0.87442982,
       0.87688521, 0.87936358, 0.88186467, 0.88438887, 0.88693652,
       0.88950853, 0.89210533, 0.89472753, 0.89737577, 0.90004752,
       0.90274564, 0.9054697 , 0.90822055, 0.9109996 , 0.91380621,
       0.91664041, 0.91950345, 0.92239534, 0.92531681, 0.92826806,
       0.93124999, 0.93426262, 0.93730893, 0.94038714, 0.94349802,
       0.9466426 , 0.94982164, 0.95303689, 0.9562879 , 0.95957485,
       0.96289974, 0.96626416, 0.96966741, 0.97311043, 0.97659436,
       0.98012125, 0.98369161, 0.98730585, 0.99096525, 0.99467128,
       0.99842506, 1.00222792, 1.00608079, 1.00998486, 1.01394209,
       1.01795344, 1.02202021, 1.0261438 , 1.0303257 , 1.03456723,
       1.03886938, 1.04323302, 1.04765849, 1.05214476, 1.05668887,
       1.06128304, 1.06590913, 1.07052592, 1.07505806, 1.0794165 ,
       1.08357375, 1.08756277, 1.09141843, 1.09516402, 1.09881222,
       1.10237224, 1.10584947, 1.10924926, 1.11257579, 1.11583084,
       1.11901833, 1.12213995, 1.12519873, 1.12819567, 1.13113311,
       1.13401283, 1.1368362 , 1.13960573, 1.14232168, 1.14498497,
       1.1475982 , 1.15016136, 1.1526762 , 1.15514431, 1.1575656 ,
       1.15994208, 1.16227415, 1.16456225, 1.16680825, 1.16901247,
       1.17117635, 1.17329888, 1.17538189, 1.1774265 , 1.17943409,
       1.18140399, 1.18333574, 1.18523151, 1.187093  , 1.18892103,
       1.1907137 , 1.1924719 , 1.19419695, 1.19588976, 1.19755108,
       1.19918082, 1.20077914, 1.20234719, 1.20388585, 1.20539444,
       1.20687366, 1.20832459, 1.20974831, 1.21114462, 1.21251262,
       1.21385365, 1.21516865, 1.21645849, 1.21772352, 1.21896195,
       1.22017628, 1.22136633, 1.22253157, 1.22367331, 1.22479302,
       1.22588905, 1.22696228, 1.22801416, 1.2290432 , 1.23005066,
       1.23103716, 1.23200312, 1.23294918, 1.23387593, 1.23478253,
       1.23566863, 1.23653481, 1.23738164, 1.23820968, 1.23901935,
       1.23981072, 1.24058449, 1.24134099, 1.24208085, 1.24280255,
       1.2435059 , 1.24419273, 1.244864  , 1.24552   , 1.24615923,
       1.2467816 , 1.24738758, 1.24797881, 1.24855571, 1.24911696,
       1.24966287, 1.2501938 , 1.25071005, 1.25121151, 1.25169962,
       1.25217355, 1.25263358, 1.25307996, 1.25351294, 1.25393347,
       1.2543404 , 1.25473298, 1.25511143, 1.25547681, 1.25583007,
       1.2561714 , 1.25650101, 1.25681715, 1.25712072, 1.25741196,
       1.25769102, 1.25795798, 1.25821289, 1.2584559 , 1.25868713,
       1.25890673, 1.25911506, 1.25931185, 1.25949592, 1.25966809,
       1.25982935, 1.25997978, 1.26011919, 1.26024691, 1.26036339,
       1.2604687 , 1.26056289, 1.26064603, 1.26071817, 1.26077787,
       1.26082795, 1.26086656, 1.26089373, 1.26090997, 1.26091528]
z = [ 2.50393878e-05,  2.38811353e-03,  4.75136017e-03,  7.11491740e-03,
        9.47896182e-03,  1.18438055e-02,  1.42095181e-02,  1.65762590e-02,
        1.89441868e-02,  2.13134597e-02,  2.36842344e-02,  2.60566673e-02,
        2.84310007e-02,  3.08074878e-02,  3.31863311e-02,  3.55678737e-02,
        3.79518225e-02,  4.03383391e-02,  4.27277951e-02,  4.51203925e-02,
        4.75162952e-02,  4.99156095e-02,  5.23185468e-02,  5.47252675e-02,
        5.71358276e-02,  5.95507321e-02,  6.19702705e-02,  6.43945002e-02,
        6.68233200e-02,  6.92568581e-02,  7.16952447e-02,  7.41393397e-02,
        7.65887562e-02,  7.90433920e-02,  8.15033311e-02,  8.39693762e-02,
        8.64418127e-02,  8.89208049e-02,  9.14065124e-02,  9.38990897e-02,
        9.63986490e-02,  9.89044888e-02,  1.01417608e-01,  1.03938279e-01,
        1.06466631e-01,  1.09002957e-01,  1.11547178e-01,  1.14098879e-01,
        1.16658946e-01,  1.19227971e-01,  1.21806082e-01,  1.24393340e-01,
        1.26989166e-01,  1.29593619e-01,  1.32207837e-01,  1.34832064e-01,
        1.37466386e-01,  1.40110833e-01,  1.42765701e-01,  1.45430722e-01,
        1.48106162e-01,  1.50792429e-01,  1.53489532e-01,  1.56197505e-01,
        1.58917269e-01,  1.61649218e-01,  1.64393373e-01,  1.67149398e-01,
        1.69917510e-01,  1.72698611e-01,  1.75492477e-01,  1.78299021e-01,
        1.81118130e-01,  1.83949942e-01,  1.86796503e-01,  1.89658130e-01,
        1.92534858e-01,  1.95425169e-01,  1.98328798e-01,  2.01245693e-01,
        2.04178562e-01,  2.07127998e-01,  2.10093809e-01,  2.13075904e-01,
        2.16074258e-01,  2.19088287e-01,  2.22119793e-01,  2.25168804e-01,
        2.28235860e-01,  2.31320021e-01,  2.34422720e-01,  2.37545523e-01,
        2.40686974e-01,  2.43846384e-01,  2.47028312e-01,  2.50229922e-01,
        2.53452643e-01,  2.56696504e-01,  2.59961094e-01,  2.63249426e-01,
        2.66562004e-01,  2.69897643e-01,  2.73257207e-01,  2.76641861e-01,
        2.80054586e-01,  2.83493191e-01,  2.86956658e-01,  2.90449800e-01,
        2.93973064e-01,  2.97526492e-01,  3.01110028e-01,  3.04725929e-01,
        3.08375388e-01,  3.12059144e-01,  3.15781185e-01,  3.19539235e-01,
        3.23333638e-01,  3.27169064e-01,  3.31047797e-01,  3.34970116e-01,
        3.38935011e-01,  3.42950254e-01,  3.47013725e-01,  3.51124340e-01,
        3.55290497e-01,  3.59513932e-01,  3.63793187e-01,  3.68131431e-01,
        3.72531669e-01,  3.76993239e-01,  3.81517782e-01,  3.86108023e-01,
        3.90761846e-01,  3.95469993e-01,  4.00231444e-01,  4.05030393e-01,
        4.09828772e-01,  4.14565547e-01,  4.19132099e-01,  4.23283104e-01,
        4.26545023e-01,  4.28263963e-01,  4.28205248e-01,  4.26813891e-01,
        4.24672072e-01,  4.22148193e-01,  4.19434070e-01,  4.16614751e-01,
        4.13742677e-01,  4.10847940e-01,  4.07947432e-01,  4.05043425e-01,
        4.02148431e-01,  3.99267631e-01,  3.96399994e-01,  3.93548265e-01,
        3.90709690e-01,  3.87892511e-01,  3.85094172e-01,  3.82309628e-01,
        3.79541576e-01,  3.76789324e-01,  3.74054544e-01,  3.71335450e-01,
        3.68632634e-01,  3.65940312e-01,  3.63263769e-01,  3.60603752e-01,
        3.57953257e-01,  3.55312940e-01,  3.52685913e-01,  3.50070874e-01,
        3.47465466e-01,  3.44870549e-01,  3.42284570e-01,  3.39708937e-01,
        3.37142327e-01,  3.34582083e-01,  3.32028009e-01,  3.29482938e-01,
        3.26946877e-01,  3.24414773e-01,  3.21888213e-01,  3.19366949e-01,
        3.16850175e-01,  3.14338374e-01,  3.11832252e-01,  3.09330359e-01,
        3.06830818e-01,  3.04333926e-01,  3.01839879e-01,  2.99347919e-01,
        2.96858580e-01,  2.94371032e-01,  2.91885530e-01,  2.89402208e-01,
        2.86917831e-01,  2.84432870e-01,  2.81950183e-01,  2.79467368e-01,
        2.76983078e-01,  2.74498066e-01,  2.72012016e-01,  2.69525277e-01,
        2.67035816e-01,  2.64544055e-01,  2.62051183e-01,  2.59557256e-01,
        2.57062152e-01,  2.54561552e-01,  2.52057653e-01,  2.49550765e-01,
        2.47040037e-01,  2.44525548e-01,  2.42008680e-01,  2.39484708e-01,
        2.36956934e-01,  2.34425089e-01,  2.31889174e-01,  2.29348371e-01,
        2.26800118e-01,  2.24246688e-01,  2.21687984e-01,  2.19123990e-01,
        2.16553775e-01,  2.13975216e-01,  2.11390569e-01,  2.08799724e-01,
        2.06202647e-01,  2.03599098e-01,  2.00987075e-01,  1.98369366e-01,
        1.95741896e-01,  1.93106834e-01,  1.90464149e-01,  1.87813816e-01,
        1.85155812e-01,  1.82490120e-01,  1.79816171e-01,  1.77133127e-01,
        1.74441431e-01,  1.71741071e-01,  1.69032045e-01,  1.66314158e-01,
        1.63587677e-01,  1.60852753e-01,  1.58109369e-01,  1.55356474e-01,
        1.52593577e-01,  1.49821848e-01,  1.47041183e-01,  1.44251601e-01,
        1.41453128e-01,  1.38645803e-01,  1.35829670e-01,  1.33003864e-01,
        1.30168988e-01,  1.27325279e-01,  1.24472659e-01,  1.21611208e-01,
        1.18740935e-01,  1.15861848e-01,  1.12974185e-01,  1.10077841e-01,
        1.07173126e-01,  1.04260406e-01,  1.01339668e-01,  9.84103784e-02,
        9.54726685e-02,  9.25274257e-02,  8.95750139e-02,  8.66145317e-02,
        8.36468143e-02,  8.06720739e-02,  7.76903543e-02,  7.47019828e-02,
        7.17072226e-02,  6.87056637e-02,  6.56978055e-02,  6.26842054e-02,
        5.96650671e-02,  5.66406037e-02,  5.36109559e-02,  5.05762114e-02,
        4.75366747e-02,  4.44926155e-02,  4.14443111e-02,  3.83923849e-02,
        3.53366503e-02,  3.22775924e-02,  2.92153841e-02,  2.61503186e-02,
        2.30827364e-02,  2.00129117e-02,  1.69411483e-02,  1.38677467e-02,
        1.07929985e-02,  7.71722001e-03,  4.64065288e-03,  1.56362157e-03,
       -1.51353744e-03, -4.59053640e-03, -7.66709811e-03, -1.07429463e-02,
       -1.38177397e-02, -1.68911182e-02, -1.99628623e-02, -2.30326869e-02,
       -2.61003112e-02, -2.91654790e-02, -3.22277992e-02, -3.52868569e-02,
       -3.83425919e-02, -4.13947756e-02, -4.44432980e-02, -4.74876853e-02,
       -5.05273181e-02, -5.35619063e-02, -5.65915848e-02, -5.96161372e-02,
       -6.26353376e-02, -6.56489697e-02, -6.86569063e-02, -7.16583508e-02,
       -7.46534190e-02, -7.76419783e-02, -8.06238325e-02, -8.35988347e-02,
       -8.65669818e-02, -8.95271707e-02, -9.24797172e-02, -9.54248249e-02,
       -9.83623542e-02, -1.01292177e-01, -1.04213920e-01, -1.07126734e-01,
       -1.10031484e-01, -1.12928104e-01, -1.15816497e-01, -1.18695969e-01,
       -1.21566070e-01, -1.24427442e-01, -1.27280175e-01, -1.30124200e-01,
       -1.32959461e-01, -1.35785871e-01, -1.38602278e-01, -1.41411057e-01,
       -1.44210006e-01, -1.46999448e-01, -1.49779844e-01, -1.52551156e-01,
       -1.55313354e-01, -1.58066416e-01, -1.60810245e-01, -1.63545638e-01,
       -1.66272608e-01, -1.68991171e-01, -1.71699831e-01, -1.74400794e-01,
       -1.77093063e-01, -1.79776317e-01, -1.82451263e-01, -1.85117913e-01,
       -1.87775661e-01, -1.90426021e-01, -1.93069217e-01, -1.95704209e-01,
       -1.98330984e-01, -2.00949532e-01, -2.03561075e-01, -2.06166564e-01,
       -2.08764924e-01, -2.11356111e-01, -2.13940111e-01, -2.16516915e-01,
       -2.19087216e-01, -2.21653039e-01, -2.24211769e-01, -2.26765066e-01,
       -2.29312837e-01, -2.31854396e-01, -2.34391997e-01, -2.36923618e-01,
       -2.39450885e-01, -2.41973762e-01, -2.44492345e-01, -2.47007380e-01,
       -2.49517927e-01, -2.52025384e-01, -2.54529238e-01, -2.57027949e-01,
       -2.59526765e-01, -2.62022069e-01, -2.64513051e-01, -2.67003851e-01,
       -2.69492620e-01, -2.71979064e-01, -2.74466088e-01, -2.76953001e-01,
       -2.79436316e-01, -2.81919133e-01, -2.84402720e-01, -2.86887233e-01,
       -2.89372956e-01, -2.91859078e-01, -2.94345665e-01, -2.96832381e-01,
       -2.99318874e-01, -3.01811761e-01, -3.04306054e-01, -3.06803982e-01,
       -3.09304956e-01, -3.11806866e-01, -3.14312637e-01, -3.16823857e-01,
       -3.19338904e-01, -3.21859500e-01, -3.24385501e-01, -3.26918386e-01,
       -3.29457652e-01, -3.32005545e-01, -3.34554669e-01, -3.37113368e-01,
       -3.39681824e-01, -3.42259455e-01, -3.44846586e-01, -3.47439519e-01,
       -3.50043510e-01, -3.52662048e-01, -3.55290499e-01, -3.57925385e-01,
       -3.60574981e-01, -3.63240066e-01, -3.65920619e-01, -3.68610549e-01,
       -3.71312953e-01, -3.74032942e-01, -3.76770166e-01, -3.79522520e-01,
       -3.82290699e-01, -3.85073650e-01, -3.87875186e-01, -3.90697521e-01,
       -3.93531531e-01, -3.96381685e-01, -3.99249424e-01, -4.02134604e-01,
       -4.05032540e-01, -4.07931455e-01, -4.10834531e-01, -4.13730508e-01,
       -4.16604821e-01, -4.19423337e-01, -4.22141293e-01, -4.24664503e-01,
       -4.26808837e-01, -4.28202005e-01, -4.28271739e-01, -4.26549342e-01,
       -4.23286852e-01, -4.19139669e-01, -4.14571701e-01, -4.09831538e-01,
       -4.05032288e-01, -4.00237303e-01, -3.95473400e-01, -3.90761058e-01,
       -3.86110580e-01, -3.81518930e-01, -3.76993306e-01, -3.72530014e-01,
       -3.68131574e-01, -3.63792179e-01, -3.59512095e-01, -3.55289443e-01,
       -3.51121369e-01, -3.47009196e-01, -3.42946858e-01, -3.38931186e-01,
       -3.34964561e-01, -3.31041479e-01, -3.27162017e-01, -3.23325906e-01,
       -3.19528505e-01, -3.15771020e-01, -3.12050600e-01, -3.08364807e-01,
       -3.04714847e-01, -3.01098202e-01, -2.97515177e-01, -2.93960775e-01,
       -2.90436421e-01, -2.86942013e-01, -2.83477892e-01, -2.80040465e-01,
       -2.76626896e-01, -2.73239407e-01, -2.69879196e-01, -2.66545782e-01,
       -2.63234110e-01, -2.59944232e-01, -2.56676879e-01, -2.53432073e-01,
       -2.50209587e-01, -2.47007914e-01, -2.43826063e-01, -2.40664557e-01,
       -2.37523482e-01, -2.34400743e-01, -2.31296330e-01, -2.28210674e-01,
       -2.25144183e-01, -2.22095629e-01, -2.19062979e-01, -2.16047107e-01,
       -2.13048295e-01, -2.10066763e-01, -2.07102064e-01, -2.04151433e-01,
       -2.01216994e-01, -1.98297818e-01, -1.95392674e-01, -1.92502330e-01,
       -1.89627624e-01, -1.86766265e-01, -1.83918553e-01, -1.81085323e-01,
       -1.78264597e-01, -1.75457046e-01, -1.72662693e-01, -1.69881401e-01,
       -1.67113196e-01, -1.64358073e-01, -1.61614839e-01, -1.58882775e-01,
       -1.56161945e-01, -1.53452388e-01, -1.50754121e-01, -1.48067050e-01,
       -1.45390830e-01, -1.42725558e-01, -1.40071078e-01, -1.37427414e-01,
       -1.34793195e-01, -1.32167984e-01, -1.29552647e-01, -1.26947419e-01,
       -1.24352110e-01, -1.21765485e-01, -1.19187222e-01, -1.16617305e-01,
       -1.14056354e-01, -1.11504267e-01, -1.08960042e-01, -1.06423586e-01,
       -1.03894804e-01, -1.01373588e-01, -9.88596278e-02, -9.63533154e-02,
       -9.38540123e-02, -9.13615822e-02, -8.88758901e-02, -8.63967889e-02,
       -8.39243973e-02, -8.14580211e-02, -7.89971636e-02, -7.65417253e-02,
       -7.40918763e-02, -7.16477098e-02, -6.92090479e-02, -6.67757090e-02,
       -6.43469517e-02, -6.19228510e-02, -5.95032703e-02, -5.70880539e-02,
       -5.46770169e-02, -5.22699778e-02, -4.98667735e-02, -4.74672393e-02,
       -4.50712081e-02, -4.26785612e-02, -4.02890418e-02, -3.79022664e-02,
       -3.55182177e-02, -3.31368704e-02, -3.07580379e-02, -2.83814977e-02,
       -2.60069822e-02, -2.36343739e-02, -2.12635017e-02, -1.88941924e-02,
       -1.65262725e-02, -1.41595682e-02, -1.17938252e-02, -9.42903126e-03,
       -7.06490764e-03, -4.70129514e-03, -2.33803817e-03,  2.50393878e-05]

delta = -0.495, kappa = 1.480
r = [1.26009902, 1.26009421, 1.26007991, 1.26005473, 1.26002016,
       1.25997784, 1.2599255 , 1.2598631 , 1.25979058, 1.2597079 ,
       1.25961499, 1.2595118 , 1.25939836, 1.25927562, 1.25914376,
       1.25900403, 1.25885342, 1.2586912 , 1.2585178 , 1.25833439,
       1.25814089, 1.25793717, 1.25772295, 1.25749808, 1.25726253,
       1.25701564, 1.25675883, 1.25649236, 1.25621507, 1.25592621,
       1.25562559, 1.25531298, 1.25499064, 1.25465625, 1.25430905,
       1.25394869, 1.25357678, 1.25319369, 1.25279917, 1.25239294,
       1.25197473, 1.25154427, 1.25109913, 1.25064075, 1.25016967,
       1.24968555, 1.24918814, 1.24867752, 1.24815171, 1.24761107,
       1.24705715, 1.24648958, 1.24590795, 1.24531108, 1.24469759,
       1.24406871, 1.24342496, 1.24276586, 1.24209092, 1.24139942,
       1.24069212, 1.23996688, 1.2392246 , 1.23846469, 1.23768656,
       1.23689037, 1.23607676, 1.23524508, 1.23439469, 1.23352488,
       1.23263594, 1.23172723, 1.23079797, 1.2298474 , 1.22887473,
       1.22788138, 1.22686783, 1.22583326, 1.22477724, 1.22369707,
       1.22259165, 1.22146276, 1.22031115, 1.21913502, 1.2179343 ,
       1.21670809, 1.21545547, 1.21417709, 1.21287208, 1.21154025,
       1.2101808 , 1.20879139, 1.20737435, 1.20592837, 1.20445211,
       1.20294526, 1.2014073 , 1.19983872, 1.1982374 , 1.19660167,
       1.19493349, 1.19323156, 1.19149482, 1.18972114, 1.187912  ,
       1.18606655, 1.18418212, 1.18225849, 1.18029621, 1.17829315,
       1.1762488 , 1.1741607 , 1.17203015, 1.16985466, 1.16763344,
       1.16536546, 1.16304773, 1.16067996, 1.1582612 , 1.1557883 ,
       1.15325902, 1.15066954, 1.14801804, 1.14529813, 1.14250323,
       1.13962069, 1.13662913, 1.13349075, 1.13013087, 1.12644397,
       1.12238777, 1.11807609, 1.11365802, 1.10922429, 1.10481749,
       1.10045673, 1.09615053, 1.09190275, 1.08771421, 1.08358478,
       1.07951376, 1.07549983, 1.07154193, 1.06763825, 1.06378688,
       1.05998704, 1.05623668, 1.05253438, 1.04887877, 1.04526844,
       1.04170196, 1.03817805, 1.0346955 , 1.03125308, 1.02784947,
       1.02448364, 1.02115444, 1.01786087, 1.01460232, 1.01137734,
       1.00818487, 1.00502387, 1.00189396, 0.99879469, 0.99572425,
       0.99268197, 0.98966757, 0.98668037, 0.98371917, 0.98078293,
       0.97787178, 0.97498558, 0.97212357, 0.96928408, 0.96646615,
       0.96366937, 0.9608944 , 0.95814074, 0.95540765, 0.95269367,
       0.94999833, 0.94732075, 0.94466241, 0.94202208, 0.93939908,
       0.93679287, 0.93420385, 0.9316297 , 0.92907114, 0.92652878,
       0.92399993, 0.92148701, 0.91898898, 0.91650391, 0.91403132,
       0.91157122, 0.909125  , 0.90669173, 0.90427104, 0.90186256,
       0.89946731, 0.89708088, 0.89470749, 0.89234522, 0.88999377,
       0.88765285, 0.88532215, 0.88300285, 0.88069312, 0.8783919 ,
       0.87609943, 0.87381736, 0.87154566, 0.8692842 , 0.86703281,
       0.86479096, 0.86255677, 0.86033091, 0.85811303, 0.85590446,
       0.85370579, 0.85151677, 0.84933404, 0.84716389, 0.84499929,
       0.84284324, 0.84069623, 0.8385583 , 0.83643012, 0.83431093,
       0.8322007 , 0.83009967, 0.8280084 , 0.82592565, 0.82385277,
       0.82179008, 0.81973703, 0.81769374, 0.8156608 , 0.81363957,
       0.81163042, 0.80963205, 0.80764423, 0.8056673 , 0.80370301,
       0.80175266, 0.79981661, 0.7978939 , 0.79598459, 0.79408925,
       0.79220845, 0.79034419, 0.78849618, 0.78666472, 0.78485128,
       0.78305579, 0.78127908, 0.77952265, 0.77778651, 0.77607002,
       0.77437535, 0.77270443, 0.77105841, 0.76943505, 0.76783908,
       0.76626821, 0.76472385, 0.76320831, 0.76172289, 0.76026892,
       0.75884622, 0.75745647, 0.75610054, 0.75477798, 0.75349178,
       0.75224344, 0.7510316 , 0.74986042, 0.74873241, 0.74764522,
       0.74660025, 0.74559888, 0.74464246, 0.74373135, 0.74286857,
       0.74205543, 0.74129091, 0.74057585, 0.73991316, 0.7393007 ,
       0.73874089, 0.73823645, 0.73778768, 0.73739289, 0.73705251,
       0.7367671 , 0.73653956, 0.73636908, 0.73625415, 0.73619631,
       0.73619627, 0.7362541 , 0.73636882, 0.73654038, 0.7367675 ,
       0.73705023, 0.73738989, 0.73778572, 0.73823701, 0.73874232,
       0.73930077, 0.73991251, 0.74057617, 0.7412909 , 0.74205354,
       0.74286637, 0.74372935, 0.74463998, 0.74559699, 0.74659906,
       0.74764483, 0.74873288, 0.74986242, 0.75103338, 0.75224383,
       0.75349239, 0.75477762, 0.75609761, 0.75745429, 0.75884649,
       0.76027089, 0.76172557, 0.76320928, 0.76472345, 0.76626693,
       0.76783825, 0.76943472, 0.77105683, 0.77270395, 0.77437498,
       0.77606964, 0.77778536, 0.77952155, 0.78127835, 0.78305492,
       0.78484986, 0.78666347, 0.78849493, 0.79034413, 0.79220875,
       0.79408767, 0.79598197, 0.79789157, 0.79981563, 0.80175286,
       0.80370339, 0.80566674, 0.80764236, 0.80962961, 0.81162869,
       0.81363918, 0.81566073, 0.81769303, 0.81973566, 0.8217882 ,
       0.8238511 , 0.82592415, 0.82800734, 0.8301002 , 0.83220023,
       0.83430911, 0.836428  , 0.8385568 , 0.84069541, 0.84284348,
       0.84499896, 0.84716187, 0.84933256, 0.85151329, 0.85370405,
       0.85590423, 0.85811269, 0.86032954, 0.86255492, 0.86478998,
       0.8670334 , 0.86928474, 0.87154567, 0.87381731, 0.87609952,
       0.87839062, 0.88069072, 0.8830001 , 0.88532042, 0.88765094,
       0.88999271, 0.89234534, 0.89470819, 0.89708157, 0.89946585,
       0.90186179, 0.90427079, 0.90669183, 0.90912485, 0.91157045,
       0.91402907, 0.916501  , 0.91898661, 0.92148584, 0.92399909,
       0.92652684, 0.92906955, 0.9316277 , 0.93420223, 0.93679248,
       0.93939858, 0.94202159, 0.94466206, 0.94732056, 0.94999722,
       0.95269222, 0.95540616, 0.95813966, 0.96089417, 0.96366885,
       0.9664647 , 0.96928226, 0.97212235, 0.97498565, 0.97787233,
       0.98078248, 0.983718  , 0.98667927, 0.98966709, 0.99268126,
       0.99572346, 0.99879392, 1.00189363, 1.00502352, 1.00818386,
       1.01137638, 1.01460169, 1.01786067, 1.02115445, 1.02448373,
       1.02784948, 1.03125292, 1.03469535, 1.03817804, 1.04170197,
       1.04526846, 1.04887888, 1.05253453, 1.05623685, 1.05998727,
       1.0637872 , 1.06763817, 1.07154213, 1.07550011, 1.07951428,
       1.08358545, 1.08771437, 1.09190264, 1.09615044, 1.10045614,
       1.10481638, 1.10922338, 1.11365642, 1.11807357, 1.12238472,
       1.12643979, 1.13012676, 1.13348771, 1.13662713, 1.13961931,
       1.14250327, 1.14529856, 1.14801902, 1.15067123, 1.15325978,
       1.15578966, 1.1582632 , 1.16068214, 1.16304996, 1.1653668 ,
       1.16763589, 1.16985747, 1.17203317, 1.17416384, 1.17625152,
       1.17829713, 1.18029974, 1.18226168, 1.18418546, 1.18607016,
       1.18791561, 1.18972384, 1.19149669, 1.1932359 , 1.19493893,
       1.19660627, 1.19823982, 1.19984092, 1.201411  , 1.20294955,
       1.20445618, 1.20593286, 1.20737971, 1.20879589, 1.21018281,
       1.21154246, 1.21287643, 1.21418067, 1.21545914, 1.21671097,
       1.21793729, 1.21913917, 1.22031575, 1.22146727, 1.22259521,
       1.22369891, 1.22477922, 1.22583803, 1.22687439, 1.2278879 ,
       1.22887949, 1.22985024, 1.23079956, 1.23172855, 1.23263741,
       1.23352688, 1.23439767, 1.23525022, 1.23608297, 1.23689623,
       1.23769067, 1.23846696, 1.23922572, 1.23996815, 1.24069305,
       1.24140147, 1.24209395, 1.24277075, 1.24342971, 1.24407199,
       1.24469963, 1.24531314, 1.24591225, 1.24649526, 1.2470626 ,
       1.24761509, 1.24815478, 1.24868068, 1.24919214, 1.24968953,
       1.25017321, 1.25064343, 1.25110054, 1.25154526, 1.2519771 ,
       1.25239635, 1.25280331, 1.25319826, 1.25358221, 1.2539536 ,
       1.25431183, 1.25465717, 1.25499052, 1.25531317, 1.25562535,
       1.25592724, 1.25621702, 1.25649533, 1.25676266, 1.25701918,
       1.25726488, 1.25749954, 1.25772366, 1.25793738, 1.25814084,
       1.25833417, 1.25851796, 1.25869039, 1.25885155, 1.25900278,
       1.25914462, 1.25927718, 1.25939945, 1.25951158, 1.25961395,
       1.2597066 , 1.25978961, 1.25986305, 1.25992653, 1.25997808,
       1.26002209, 1.26005612, 1.26008018, 1.26009436, 1.26009902]
 z = [ 3.74474024e-06,  2.28533440e-03,  4.56712629e-03,  6.84928032e-03,
        9.13201895e-03,  1.14156369e-02,  1.37002516e-02,  1.59860497e-02,
        1.82732173e-02,  2.05619391e-02,  2.28523994e-02,  2.51447814e-02,
        2.74392792e-02,  2.97362170e-02,  3.20358490e-02,  3.43386096e-02,
        3.66442681e-02,  3.89528777e-02,  4.12646875e-02,  4.35801173e-02,
        4.58993756e-02,  4.82226594e-02,  5.05501327e-02,  5.28819806e-02,
        5.52184179e-02,  5.75594999e-02,  5.99058356e-02,  6.22577610e-02,
        6.46152124e-02,  6.69782040e-02,  6.93468993e-02,  7.17214575e-02,
        7.41028930e-02,  7.64906878e-02,  7.88848052e-02,  8.12853375e-02,
        8.36931425e-02,  8.61086631e-02,  8.85321039e-02,  9.09636642e-02,
        9.34035385e-02,  9.58519154e-02,  9.83079715e-02,  1.00772649e-01,
        1.03246513e-01,  1.05729733e-01,  1.08222520e-01,  1.10725264e-01,
        1.13237240e-01,  1.15758938e-01,  1.18291600e-01,  1.20835402e-01,
        1.23390512e-01,  1.25956618e-01,  1.28533215e-01,  1.31121445e-01,
        1.33722071e-01,  1.36335227e-01,  1.38961031e-01,  1.41599429e-01,
        1.44251420e-01,  1.46915931e-01,  1.49594081e-01,  1.52285918e-01,
        1.54991463e-01,  1.57711371e-01,  1.60446690e-01,  1.63197493e-01,
        1.65963819e-01,  1.68745663e-01,  1.71543881e-01,  1.74358532e-01,
        1.77189564e-01,  1.80036884e-01,  1.82900382e-01,  1.85782123e-01,
        1.88683375e-01,  1.91604150e-01,  1.94544871e-01,  1.97503458e-01,
        2.00479486e-01,  2.03475704e-01,  2.06493915e-01,  2.09533050e-01,
        2.12594022e-01,  2.15676752e-01,  2.18781170e-01,  2.21909169e-01,
        2.25060826e-01,  2.28237100e-01,  2.31438203e-01,  2.34662180e-01,
        2.37913599e-01,  2.41192116e-01,  2.44497227e-01,  2.47830015e-01,
        2.51191312e-01,  2.54583656e-01,  2.58005448e-01,  2.61455742e-01,
        2.64939761e-01,  2.68457478e-01,  2.72009250e-01,  2.75593445e-01,
        2.79215234e-01,  2.82875683e-01,  2.86572317e-01,  2.90307453e-01,
        2.94085291e-01,  2.97904631e-01,  3.01767777e-01,  3.05672799e-01,
        3.09626428e-01,  3.13627007e-01,  3.17676873e-01,  3.21778071e-01,
        3.25927605e-01,  3.30129639e-01,  3.34386966e-01,  3.38696280e-01,
        3.43056516e-01,  3.47461453e-01,  3.51910620e-01,  3.56387651e-01,
        3.60872841e-01,  3.65320341e-01,  3.69642114e-01,  3.73666658e-01,
        3.77031096e-01,  3.79161422e-01,  3.79665668e-01,  3.78851159e-01,
        3.77285844e-01,  3.75349496e-01,  3.73232682e-01,  3.71028065e-01,
        3.68783128e-01,  3.66525519e-01,  3.64267627e-01,  3.62017991e-01,
        3.59782700e-01,  3.57563498e-01,  3.55366116e-01,  3.53188361e-01,
        3.51024919e-01,  3.48887343e-01,  3.46766968e-01,  3.44664090e-01,
        3.42580044e-01,  3.40515416e-01,  3.38469441e-01,  3.36436492e-01,
        3.34416875e-01,  3.32412840e-01,  3.30426387e-01,  3.28453235e-01,
        3.26493701e-01,  3.24546108e-01,  3.22605552e-01,  3.20677793e-01,
        3.18762838e-01,  3.16860630e-01,  3.14966129e-01,  3.13076402e-01,
        3.11198346e-01,  3.09330177e-01,  3.07468139e-01,  3.05611742e-01,
        3.03763294e-01,  3.01923806e-01,  3.00088679e-01,  2.98255483e-01,
        2.96424836e-01,  2.94600920e-01,  2.92784464e-01,  2.90974102e-01,
        2.89164859e-01,  2.87356526e-01,  2.85549676e-01,  2.83747101e-01,
        2.81948214e-01,  2.80153640e-01,  2.78357306e-01,  2.76561282e-01,
        2.74766002e-01,  2.72971446e-01,  2.71175190e-01,  2.69381809e-01,
        2.67588088e-01,  2.65791439e-01,  2.63996914e-01,  2.62197975e-01,
        2.60396000e-01,  2.58594104e-01,  2.56792128e-01,  2.54988993e-01,
        2.53181112e-01,  2.51369502e-01,  2.49554081e-01,  2.47734760e-01,
        2.45909069e-01,  2.44083873e-01,  2.42251224e-01,  2.40413748e-01,
        2.38571282e-01,  2.36723658e-01,  2.34870711e-01,  2.33010142e-01,
        2.31144124e-01,  2.29273539e-01,  2.27397437e-01,  2.25513023e-01,
        2.23619912e-01,  2.21717927e-01,  2.19806889e-01,  2.17887079e-01,
        2.15960376e-01,  2.14025487e-01,  2.12082381e-01,  2.10129130e-01,
        2.08164751e-01,  2.06189269e-01,  2.04205952e-01,  2.02207801e-01,
        2.00201900e-01,  1.98184778e-01,  1.96155654e-01,  1.94114251e-01,
        1.92059686e-01,  1.89992482e-01,  1.87912421e-01,  1.85819065e-01,
        1.83711732e-01,  1.81591284e-01,  1.79456388e-01,  1.77306621e-01,
        1.75142287e-01,  1.72963109e-01,  1.70768505e-01,  1.68557334e-01,
        1.66329280e-01,  1.64085207e-01,  1.61825166e-01,  1.59548807e-01,
        1.57254876e-01,  1.54942517e-01,  1.52611527e-01,  1.50262530e-01,
        1.47895485e-01,  1.45510054e-01,  1.43105910e-01,  1.40681981e-01,
        1.38238514e-01,  1.35775453e-01,  1.33292125e-01,  1.30788709e-01,
        1.28264926e-01,  1.25720231e-01,  1.23154816e-01,  1.20569177e-01,
        1.17962522e-01,  1.15334263e-01,  1.12684237e-01,  1.10013668e-01,
        1.07320960e-01,  1.04607378e-01,  1.01872716e-01,  9.91165095e-02,
        9.63387310e-02,  9.35393976e-02,  9.07190560e-02,  8.78776702e-02,
        8.50154962e-02,  8.21332042e-02,  7.92304869e-02,  7.63075551e-02,
        7.33653921e-02,  7.04035840e-02,  6.74222691e-02,  6.44227455e-02,
        6.14054211e-02,  5.83707553e-02,  5.53192654e-02,  5.22516896e-02,
        4.91683357e-02,  4.60698981e-02,  4.29574441e-02,  3.98317469e-02,
        3.66933572e-02,  3.35434985e-02,  3.03828406e-02,  2.72121229e-02,
        2.40323851e-02,  2.08448081e-02,  1.76503758e-02,  1.44500783e-02,
        1.12448402e-02,  8.03580286e-03,  4.82408088e-03,  1.61070894e-03,
       -1.60321969e-03, -4.81659222e-03, -8.02832001e-03, -1.12373208e-02,
       -1.44425699e-02, -1.76430180e-02, -2.08375232e-02, -2.40250496e-02,
       -2.72045831e-02, -3.03752078e-02, -3.35360011e-02, -3.66859470e-02,
       -3.98242150e-02, -4.29499563e-02, -4.60626982e-02, -4.91612068e-02,
       -5.22445483e-02, -5.53122359e-02, -5.83636376e-02, -6.13981785e-02,
       -6.44153424e-02, -6.74146719e-02, -7.03956150e-02, -7.33574561e-02,
       -7.62999618e-02, -7.92228308e-02, -8.21258167e-02, -8.50088748e-02,
       -8.78708524e-02, -9.07114817e-02, -9.35312551e-02, -9.63303204e-02,
       -9.91086751e-02, -1.01865374e-01, -1.04600372e-01, -1.07313795e-01,
       -1.10006315e-01, -1.12677404e-01, -1.15326980e-01, -1.17955192e-01,
       -1.20561858e-01, -1.23147861e-01, -1.25713265e-01, -1.28257799e-01,
       -1.30781659e-01, -1.33285372e-01, -1.35768626e-01, -1.38231706e-01,
       -1.40674522e-01, -1.43098253e-01, -1.45503488e-01, -1.47889570e-01,
       -1.50256469e-01, -1.52604652e-01, -1.54934902e-01, -1.57247136e-01,
       -1.59541693e-01, -1.61818964e-01, -1.64079432e-01, -1.66323033e-01,
       -1.68550136e-01, -1.70761070e-01, -1.72956171e-01, -1.75135870e-01,
       -1.77300646e-01, -1.79450267e-01, -1.81585051e-01, -1.83705146e-01,
       -1.85811114e-01, -1.87905348e-01, -1.89986656e-01, -1.92054174e-01,
       -1.94108182e-01, -1.96148965e-01, -1.98177047e-01, -2.00194744e-01,
       -2.02202406e-01, -2.04200020e-01, -2.06185536e-01, -2.08159181e-01,
       -2.10121891e-01, -2.12075279e-01, -2.14019598e-01, -2.15955102e-01,
       -2.17880790e-01, -2.19798656e-01, -2.21709742e-01, -2.23612410e-01,
       -2.25505591e-01, -2.27389823e-01, -2.29267849e-01, -2.31140062e-01,
       -2.33006674e-01, -2.34865815e-01, -2.36719088e-01, -2.38565451e-01,
       -2.40406062e-01, -2.42242593e-01, -2.44075214e-01, -2.45904093e-01,
       -2.47728630e-01, -2.49547038e-01, -2.51361839e-01, -2.53173923e-01,
       -2.54983004e-01, -2.56789123e-01, -2.58592577e-01, -2.60393502e-01,
       -2.62193024e-01, -2.63991301e-01, -2.65788389e-01, -2.67584334e-01,
       -2.69379176e-01, -2.71171767e-01, -2.72964948e-01, -2.74759852e-01,
       -2.76555143e-01, -2.78350805e-01, -2.80146715e-01, -2.81944090e-01,
       -2.83744205e-01, -2.85547079e-01, -2.87352715e-01, -2.89158207e-01,
       -2.90968538e-01, -2.92782559e-01, -2.94600743e-01, -2.96422501e-01,
       -2.98247686e-01, -3.00078644e-01, -3.01918513e-01, -3.03761870e-01,
       -3.05610265e-01, -3.07463430e-01, -3.09327080e-01, -3.11196122e-01,
       -3.13074409e-01, -3.14961216e-01, -3.16856106e-01, -3.18764667e-01,
       -3.20680123e-01, -3.22605382e-01, -3.24541241e-01, -3.26486014e-01,
       -3.28444153e-01, -3.30418828e-01, -3.32410152e-01, -3.34415983e-01,
       -3.36429589e-01, -3.38460855e-01, -3.40510643e-01, -3.42578179e-01,
       -3.44661897e-01, -3.46763756e-01, -3.48884417e-01, -3.51022689e-01,
       -3.53179779e-01, -3.55361056e-01, -3.57559086e-01, -3.59780200e-01,
       -3.62016375e-01, -3.64261431e-01, -3.66517226e-01, -3.68775040e-01,
       -3.71016786e-01, -3.73218524e-01, -3.75336903e-01, -3.77269858e-01,
       -3.78831004e-01, -3.79643688e-01, -3.79135060e-01, -3.77005898e-01,
       -3.73646659e-01, -3.69626792e-01, -3.65307679e-01, -3.60865497e-01,
       -3.56381655e-01, -3.51906426e-01, -3.47459387e-01, -3.43051374e-01,
       -3.38692843e-01, -3.34385258e-01, -3.30128242e-01, -3.25926140e-01,
       -3.21774087e-01, -3.17675590e-01, -3.13626441e-01, -3.09626176e-01,
       -3.05672600e-01, -3.01766435e-01, -2.97905884e-01, -2.94085345e-01,
       -2.90306589e-01, -2.86571589e-01, -2.82875321e-01, -2.79214691e-01,
       -2.75591014e-01, -2.72005181e-01, -2.68457737e-01, -2.64941740e-01,
       -2.61456057e-01, -2.58001967e-01, -2.54579721e-01, -2.51189686e-01,
       -2.47829156e-01, -2.44495883e-01, -2.41191243e-01, -2.37913853e-01,
       -2.34661051e-01, -2.31433490e-01, -2.28232592e-01, -2.25059085e-01,
       -2.21906317e-01, -2.18778329e-01, -2.15672837e-01, -2.12590154e-01,
       -2.09530488e-01, -2.06491777e-01, -2.03473336e-01, -2.00475954e-01,
       -1.97497978e-01, -1.94539487e-01, -1.91601655e-01, -1.88682599e-01,
       -1.85781163e-01, -1.82897562e-01, -1.80032123e-01, -1.77183573e-01,
       -1.74352267e-01, -1.71537717e-01, -1.68739940e-01, -1.65958910e-01,
       -1.63194358e-01, -1.60444352e-01, -1.57708633e-01, -1.54987244e-01,
       -1.52280189e-01, -1.49587442e-01, -1.46909385e-01, -1.44244604e-01,
       -1.41593395e-01, -1.38955652e-01, -1.36331072e-01, -1.33717749e-01,
       -1.31116088e-01, -1.28527020e-01, -1.25950408e-01, -1.23385634e-01,
       -1.20831279e-01, -1.18287259e-01, -1.15753718e-01, -1.13231438e-01,
       -1.10719473e-01, -1.08217126e-01, -1.05724274e-01, -1.03240784e-01,
       -1.00766458e-01, -9.83011484e-02, -9.58448810e-02, -9.33971044e-02,
       -9.09576542e-02, -8.85263585e-02, -8.61030395e-02, -8.36878079e-02,
       -8.12797375e-02, -7.88783537e-02, -7.64835299e-02, -7.40953600e-02,
       -7.17140327e-02, -6.93393319e-02, -6.69710382e-02, -6.46083145e-02,
       -6.22511378e-02, -5.98994158e-02, -5.75529610e-02, -5.52115331e-02,
       -5.28748501e-02, -5.05428098e-02, -4.82152171e-02, -4.58918748e-02,
       -4.35725836e-02, -4.12572290e-02, -3.89452431e-02, -3.66364621e-02,
       -3.43309221e-02, -3.20284864e-02, -2.97289407e-02, -2.74319271e-02,
       -2.51372663e-02, -2.28447998e-02, -2.05543270e-02, -1.82656466e-02,
       -1.59785567e-02, -1.36928271e-02, -1.14081602e-02, -9.12461071e-03,
       -6.84183441e-03, -4.55964250e-03, -2.27784659e-03,  3.74474024e-06]

delta = -0.503, kappa = 1.905
r = [1.25728772, 1.25728418, 1.25727333, 1.25725478, 1.25722977,
       1.25719696, 1.25715686, 1.25710946, 1.25705473, 1.25699261,
       1.25692306, 1.25684603, 1.25676105, 1.25666899, 1.25657183,
       1.25646631, 1.2563522 , 1.25622941, 1.2560982 , 1.25595957,
       1.25581346, 1.25565973, 1.25549829, 1.25532898, 1.25515179,
       1.25496568, 1.25477223, 1.25457029, 1.2543597 , 1.25414027,
       1.25391182, 1.25367572, 1.25342999, 1.25317426, 1.25290834,
       1.25263345, 1.25234989, 1.25205746, 1.25175592, 1.25144502,
       1.25112376, 1.25079071, 1.25044773, 1.25009463, 1.24973112,
       1.24935714, 1.24897131, 1.24857336, 1.24816463, 1.24774488,
       1.24731375, 1.24687063, 1.24641399, 1.24594513, 1.24546385,
       1.24496971, 1.24446223, 1.24394122, 1.24340599, 1.24285766,
       1.24229474, 1.24171665, 1.24112353, 1.24051597, 1.23989281,
       1.23925346, 1.23859693, 1.23792504, 1.23723709, 1.23653132,
       1.23580647, 1.23506394, 1.23430387, 1.23352545, 1.23272747,
       1.23190905, 1.23107163, 1.23021305, 1.22933395, 1.22843344,
       1.22751048, 1.22656398, 1.22559549, 1.22460325, 1.22358733,
       1.22254703, 1.2214811 , 1.22038915, 1.2192713 , 1.21812649,
       1.21695309, 1.21575091, 1.2145208 , 1.21326122, 1.2119703 ,
       1.21064857, 1.20929464, 1.20790755, 1.20648678, 1.20503098,
       1.20354045, 1.20201195, 1.20044659, 1.19884404, 1.19720031,
       1.19551648, 1.19379032, 1.19202004, 1.19020669, 1.18834567,
       1.18643633, 1.18447963, 1.18247065, 1.18040852, 1.1782913 ,
       1.176112  , 1.17387964, 1.17158278, 1.1692173 , 1.16678005,
       1.16426862, 1.16168138, 1.15900748, 1.15624131, 1.15337345,
       1.15039246, 1.14729195, 1.14403035, 1.14061435, 1.13697161,
       1.13306609, 1.12881217, 1.12415828, 1.11917037, 1.1139497 ,
       1.10861928, 1.10324013, 1.09785776, 1.09250584, 1.08720074,
       1.08194776, 1.07675576, 1.07162792, 1.06656733, 1.06157327,
       1.05664829, 1.05179227, 1.04700407, 1.04228397, 1.03763118,
       1.03304484, 1.0285241 , 1.02406797, 1.01967544, 1.01534522,
       1.01107624, 1.00686769, 1.00271809, 0.99862612, 0.99459115,
       0.9906118 , 0.98668665, 0.98281496, 0.97899587, 0.97522772,
       0.97150972, 0.96784059, 0.96421972, 0.96064578, 0.95711829,
       0.95363553, 0.95019744, 0.94680233, 0.94345019, 0.94013905,
       0.93687019, 0.93364035, 0.93044985, 0.92729757, 0.92418253,
       0.92110528, 0.9180653 , 0.91506042, 0.91208932, 0.90915232,
       0.90625031, 0.90338238, 0.90054634, 0.89774165, 0.89496868,
       0.89222679, 0.88951698, 0.88683612, 0.8841846 , 0.88156285,
       0.87896946, 0.87640325, 0.87386493, 0.8713548 , 0.86887221,
       0.86641636, 0.86398682, 0.86158325, 0.85920506, 0.85685204,
       0.85452465, 0.85222145, 0.84994258, 0.84768957, 0.84546128,
       0.84325606, 0.84107464, 0.83891658, 0.83678209, 0.83466976,
       0.83258202, 0.83051734, 0.82847538, 0.82645578, 0.82445816,
       0.82248465, 0.820532  , 0.81860149, 0.81669383, 0.81480876,
       0.81294703, 0.81110561, 0.80928557, 0.80748842, 0.80571396,
       0.80396236, 0.80223217, 0.80052236, 0.79883516, 0.79717109,
       0.79553004, 0.79391161, 0.7923142 , 0.79073791, 0.78918447,
       0.7876542 , 0.78614702, 0.7846615 , 0.78319947, 0.78175924,
       0.7803421 , 0.77894803, 0.77757767, 0.77622946, 0.77490434,
       0.773603  , 0.77232546, 0.77107175, 0.76984189, 0.76863589,
       0.76745283, 0.76629327, 0.76515858, 0.76404871, 0.76296375,
       0.76190358, 0.76086721, 0.75985609, 0.75886961, 0.75790758,
       0.75697034, 0.75605798, 0.75517204, 0.75431252, 0.75347753,
       0.75266708, 0.75188359, 0.75112623, 0.75039507, 0.7496902 ,
       0.74901201, 0.74835904, 0.74773382, 0.74713486, 0.74656226,
       0.7460161 , 0.74549643, 0.74500317, 0.7445371 , 0.74409874,
       0.74368815, 0.743304  , 0.74294632, 0.7426164 , 0.742313  ,
       0.74203759, 0.74179022, 0.74157111, 0.74137854, 0.74121318,
       0.74107549, 0.7409655 , 0.74088233, 0.74082748, 0.74080134,
       0.74080249, 0.7408308 , 0.74088627, 0.74096889, 0.74107895,
       0.74121764, 0.74138378, 0.74157734, 0.7417983 , 0.74204659,
       0.74232209, 0.74262615, 0.74295706, 0.74331481, 0.74369878,
       0.74410869, 0.74454827, 0.74501547, 0.74550936, 0.74602992,
       0.74657708, 0.74715093, 0.7477508 , 0.74837816, 0.74903113,
       0.74971058, 0.75041644, 0.75114863, 0.75190565, 0.75268991,
       0.75350003, 0.75433562, 0.75519662, 0.75608295, 0.75699526,
       0.75793278, 0.75889513, 0.75988225, 0.76089406, 0.76193061,
       0.76299312, 0.76407901, 0.76518944, 0.76632438, 0.76748368,
       0.7686665 , 0.76987336, 0.77110415, 0.77235836, 0.77363596,
       0.77493689, 0.77626176, 0.77761072, 0.77898268, 0.78037654,
       0.78179361, 0.78323361, 0.78469642, 0.78618209, 0.78769008,
       0.7892214 , 0.79077399, 0.79234914, 0.79394764, 0.79556879,
       0.79721117, 0.79887505, 0.80056061, 0.80226956, 0.80400107,
       0.8057539 , 0.80752842, 0.80932484, 0.81114342, 0.81298504,
       0.81484843, 0.81673384, 0.81864154, 0.82057064, 0.82252322,
       0.82449885, 0.82649599, 0.82851502, 0.83055626, 0.83262084,
       0.83470985, 0.83682218, 0.83895655, 0.84111338, 0.84329511,
       0.84550045, 0.84772921, 0.84998211, 0.8522596 , 0.85456253,
       0.85688916, 0.85924126, 0.86162012, 0.8640245 , 0.86645403,
       0.8689094 , 0.87139287, 0.87390321, 0.87644038, 0.8790051 ,
       0.88159822, 0.88422052, 0.88687184, 0.88955296, 0.89226394,
       0.8950044 , 0.8977763 , 0.90058018, 0.90341656, 0.9062845 ,
       0.9091866 , 0.9121225 , 0.91509188, 0.91809584, 0.92113669,
       0.9242133 , 0.92732669, 0.93047834, 0.93366808, 0.93689696,
       0.94016643, 0.94347582, 0.94682815, 0.95022249, 0.95365987,
       0.95714123, 0.96066827, 0.96424111, 0.96786086, 0.97152897,
       0.97524629, 0.97901342, 0.9828315 , 0.98670213, 0.99062638,
       0.99460464, 0.99863831, 1.00272877, 1.00687706, 1.01108438,
       1.01535177, 1.01968062, 1.02407168, 1.02852619, 1.03304528,
       1.03762987, 1.04228088, 1.04699903, 1.05178522, 1.05663926,
       1.06156149, 1.06655249, 1.07161135, 1.07673662, 1.08192428,
       1.0871743 , 1.092477  , 1.09782573, 1.10320375, 1.10858724,
       1.11392179, 1.11914171, 1.12415437, 1.12881477, 1.13308592,
       1.13701691, 1.14065732, 1.14409421, 1.14734905, 1.15045924,
       1.15344201, 1.15630835, 1.15907302, 1.16174801, 1.1643355 ,
       1.16684643, 1.16927947, 1.1716462 , 1.17394282, 1.17617545,
       1.17835095, 1.18046749, 1.18252818, 1.18453579, 1.18649304,
       1.18840015, 1.19025969, 1.19207317, 1.1938421 , 1.19556732,
       1.19725025, 1.19889327, 1.20049671, 1.20206037, 1.20358762,
       1.20507836, 1.20653249, 1.20795211, 1.20933842, 1.2106916 ,
       1.2120136 , 1.21330428, 1.21456315, 1.2157923 , 1.21699344,
       1.21816552, 1.21931144, 1.22042902, 1.22151963, 1.22258437,
       1.22362484, 1.22464065, 1.22563191, 1.22659982, 1.22754471,
       1.22846729, 1.22936715, 1.23024573, 1.23110403, 1.23194207,
       1.23275925, 1.23355792, 1.23433613, 1.2350949 , 1.23583638,
       1.23656109, 1.23726741, 1.2379557 , 1.2386267 , 1.23928112,
       1.2399199 , 1.24054337, 1.24115082, 1.24174285, 1.24232007,
       1.24288251, 1.24343052, 1.24396493, 1.24448557, 1.24499365,
       1.24548715, 1.24596706, 1.24643501, 1.24689143, 1.24733609,
       1.24776761, 1.24818638, 1.24859392, 1.24899119, 1.24937691,
       1.24975109, 1.25011407, 1.25046617, 1.25080753, 1.25113956,
       1.25146127, 1.25177294, 1.25207483, 1.25236719, 1.25265071,
       1.25292481, 1.25318873, 1.25344271, 1.25368698, 1.25392302,
       1.25415113, 1.25437148, 1.25458205, 1.25478403, 1.25497784,
       1.2551629 , 1.25534011, 1.25550921, 1.2556697 , 1.25582257,
       1.25596782, 1.25610581, 1.25623562, 1.256357  , 1.25647007,
       1.25657579, 1.25667477, 1.25676647, 1.25684987, 1.25692622,
       1.25699556, 1.25705794, 1.25711288, 1.25715934, 1.25719778,
       1.25723016, 1.25725533, 1.2572733 , 1.25728409, 1.25728772]
z = [-7.88864786e-18,  2.34027278e-03,  4.68083306e-03,  7.02195370e-03,
        9.36396050e-03,  1.17070968e-02,  1.40516667e-02,  1.63979598e-02,
        1.87462642e-02,  2.10968679e-02,  2.34500591e-02,  2.58061259e-02,
        2.81653045e-02,  3.05279973e-02,  3.28948139e-02,  3.52656175e-02,
        3.76406536e-02,  4.00201836e-02,  4.24045387e-02,  4.47942160e-02,
        4.71895306e-02,  4.95907938e-02,  5.19983173e-02,  5.44124063e-02,
        5.68334022e-02,  5.92613751e-02,  6.16970895e-02,  6.41405989e-02,
        6.65922087e-02,  6.90522142e-02,  7.15209209e-02,  7.39991593e-02,
        7.64866554e-02,  7.89836419e-02,  8.14904160e-02,  8.40078065e-02,
        8.65363663e-02,  8.90764520e-02,  9.16284199e-02,  9.41926257e-02,
        9.67690866e-02,  9.93575919e-02,  1.01959424e-01,  1.04574989e-01,
        1.07204642e-01,  1.09848870e-01,  1.12507473e-01,  1.15180804e-01,
        1.17870105e-01,  1.20575819e-01,  1.23298328e-01,  1.26037882e-01,
        1.28794146e-01,  1.31568491e-01,  1.34361437e-01,  1.37173366e-01,
        1.40004631e-01,  1.42855784e-01,  1.45727051e-01,  1.48619950e-01,
        1.51534180e-01,  1.54470083e-01,  1.57428539e-01,  1.60410814e-01,
        1.63416892e-01,  1.66447164e-01,  1.69501712e-01,  1.72582952e-01,
        1.75691327e-01,  1.78826336e-01,  1.81987839e-01,  1.85178133e-01,
        1.88398492e-01,  1.91649337e-01,  1.94930730e-01,  1.98242993e-01,
        2.01588875e-01,  2.04967517e-01,  2.08380973e-01,  2.11829763e-01,
        2.15314260e-01,  2.18834767e-01,  2.22394657e-01,  2.25993642e-01,
        2.29633573e-01,  2.33315493e-01,  2.37039808e-01,  2.40808022e-01,
        2.44622442e-01,  2.48483891e-01,  2.52392526e-01,  2.56350444e-01,
        2.60361429e-01,  2.64426073e-01,  2.68544414e-01,  2.72720252e-01,
        2.76954586e-01,  2.81249225e-01,  2.85606832e-01,  2.90028856e-01,
        2.94519716e-01,  2.99077979e-01,  3.03709882e-01,  3.08419620e-01,
        3.13204732e-01,  3.18072448e-01,  3.23024009e-01,  3.28061673e-01,
        3.33193965e-01,  3.38417898e-01,  3.43739053e-01,  3.49167291e-01,
        3.54699594e-01,  3.60342432e-01,  3.66100427e-01,  3.71965343e-01,
        3.77971304e-01,  3.84099633e-01,  3.90350226e-01,  3.96725858e-01,
        4.03231900e-01,  4.09877111e-01,  4.16640754e-01,  4.23516894e-01,
        4.30484979e-01,  4.37513404e-01,  4.44584920e-01,  4.51534647e-01,
        4.58374194e-01,  4.64760726e-01,  4.70452788e-01,  4.74908057e-01,
        4.77640992e-01,  4.78711344e-01,  4.78408888e-01,  4.77245303e-01,
        4.75458414e-01,  4.73247787e-01,  4.70786617e-01,  4.68160939e-01,
        4.65384261e-01,  4.62515121e-01,  4.59572467e-01,  4.56584879e-01,
        4.53537036e-01,  4.50466568e-01,  4.47381163e-01,  4.44265008e-01,
        4.41140412e-01,  4.38010481e-01,  4.34872710e-01,  4.31733334e-01,
        4.28595017e-01,  4.25458172e-01,  4.22329587e-01,  4.19207870e-01,
        4.16088618e-01,  4.12979077e-01,  4.09881230e-01,  4.06789513e-01,
        4.03707580e-01,  4.00638486e-01,  3.97578839e-01,  3.94527613e-01,
        3.91489274e-01,  3.88461949e-01,  3.85447019e-01,  3.82442098e-01,
        3.79449113e-01,  3.76465459e-01,  3.73494883e-01,  3.70533114e-01,
        3.67583609e-01,  3.64642522e-01,  3.61714182e-01,  3.58790326e-01,
        3.55880077e-01,  3.52978970e-01,  3.50088042e-01,  3.47207695e-01,
        3.44333620e-01,  3.41465308e-01,  3.38607035e-01,  3.35760160e-01,
        3.32921542e-01,  3.30086951e-01,  3.27257214e-01,  3.24436181e-01,
        3.21623333e-01,  3.18816159e-01,  3.16014690e-01,  3.13215428e-01,
        3.10423903e-01,  3.07637886e-01,  3.04855298e-01,  3.02077858e-01,
        2.99306677e-01,  2.96539261e-01,  2.93774072e-01,  2.91011453e-01,
        2.88251939e-01,  2.85495377e-01,  2.82741514e-01,  2.79990521e-01,
        2.77241924e-01,  2.74494291e-01,  2.71749173e-01,  2.69005632e-01,
        2.66260855e-01,  2.63515980e-01,  2.60772790e-01,  2.58029664e-01,
        2.55286709e-01,  2.52543150e-01,  2.49800317e-01,  2.47054729e-01,
        2.44307913e-01,  2.41559918e-01,  2.38810782e-01,  2.36060541e-01,
        2.33306503e-01,  2.30551969e-01,  2.27795200e-01,  2.25035170e-01,
        2.22271933e-01,  2.19504518e-01,  2.16735729e-01,  2.13964226e-01,
        2.11188365e-01,  2.08408196e-01,  2.05623433e-01,  2.02835235e-01,
        2.00044310e-01,  1.97248568e-01,  1.94447485e-01,  1.91641109e-01,
        1.88829698e-01,  1.86014415e-01,  1.83195061e-01,  1.80370229e-01,
        1.77539671e-01,  1.74703428e-01,  1.71862484e-01,  1.69015534e-01,
        1.66163716e-01,  1.63306149e-01,  1.60442860e-01,  1.57573469e-01,
        1.54698959e-01,  1.51818758e-01,  1.48932503e-01,  1.46040235e-01,
        1.43142001e-01,  1.40237855e-01,  1.37327855e-01,  1.34412528e-01,
        1.31491637e-01,  1.28564583e-01,  1.25631502e-01,  1.22692458e-01,
        1.19747617e-01,  1.16797512e-01,  1.13841618e-01,  1.10880299e-01,
        1.07913735e-01,  1.04941899e-01,  1.01964865e-01,  9.89822010e-02,
        9.59940728e-02,  9.30012753e-02,  9.00039078e-02,  8.70013206e-02,
        8.39939469e-02,  8.09819191e-02,  7.79653726e-02,  7.49443623e-02,
        7.19194285e-02,  6.88900849e-02,  6.58568770e-02,  6.28199413e-02,
        5.97794202e-02,  5.67354618e-02,  5.36882469e-02,  5.06377942e-02,
        4.75842048e-02,  4.45276687e-02,  4.14685760e-02,  3.84070811e-02,
        3.53431855e-02,  3.22772267e-02,  2.92092168e-02,  2.61393571e-02,
        2.30678364e-02,  1.99949867e-02,  1.69209269e-02,  1.38458155e-02,
        1.07698456e-02,  7.69323501e-03,  4.61612683e-03,  1.53873314e-03,
       -1.53872712e-03, -4.61607452e-03, -7.69313154e-03, -1.07697212e-02,
       -1.38456518e-02, -1.69206689e-02, -1.99946289e-02, -2.30673456e-02,
       -2.61386347e-02, -2.92083172e-02, -3.22762214e-02, -3.53420045e-02,
       -3.84056642e-02, -4.14670353e-02, -4.45260393e-02, -4.75825716e-02,
       -5.06358410e-02, -5.36859626e-02, -5.67329198e-02, -5.97765525e-02,
       -6.28167037e-02, -6.58531902e-02, -6.88860000e-02, -7.19146180e-02,
       -7.49393375e-02, -7.79597868e-02, -8.09758203e-02, -8.39872985e-02,
       -8.69945217e-02, -8.99966066e-02, -9.29938218e-02, -9.59861502e-02,
       -9.89734806e-02, -1.01955710e-01, -1.04932467e-01, -1.07903892e-01,
       -1.10870020e-01, -1.13830763e-01, -1.16786039e-01, -1.19735730e-01,
       -1.22679170e-01, -1.25617413e-01, -1.28549839e-01, -1.31476369e-01,
       -1.34396982e-01, -1.37312025e-01, -1.40221160e-01, -1.43124374e-01,
       -1.46021884e-01, -1.48913662e-01, -1.51799700e-01, -1.54679589e-01,
       -1.57553175e-01, -1.60421077e-01, -1.63283998e-01, -1.66141095e-01,
       -1.68992543e-01, -1.71838429e-01, -1.74678725e-01, -1.77513831e-01,
       -1.80343042e-01, -1.83167912e-01, -1.85987546e-01, -1.88801381e-01,
       -1.91609992e-01, -1.94414605e-01, -1.97215133e-01, -2.00011559e-01,
       -2.02802536e-01, -2.05588859e-01, -2.08371758e-01, -2.11151097e-01,
       -2.13926868e-01, -2.16698999e-01, -2.19466803e-01, -2.22231738e-01,
       -2.24993775e-01, -2.27752879e-01, -2.30510277e-01, -2.33263994e-01,
       -2.36014749e-01, -2.38764549e-01, -2.41513380e-01, -2.44261230e-01,
       -2.47007150e-01, -2.49750128e-01, -2.52491857e-01, -2.55234455e-01,
       -2.57977905e-01, -2.60719446e-01, -2.63461286e-01, -2.66204261e-01,
       -2.68947913e-01, -2.71692202e-01, -2.74436418e-01, -2.77183893e-01,
       -2.79932587e-01, -2.82681125e-01, -2.85432165e-01, -2.88187218e-01,
       -2.90945988e-01, -2.93705397e-01, -2.96468455e-01, -2.99236234e-01,
       -3.02008497e-01, -3.04784646e-01, -3.07564212e-01, -3.10348642e-01,
       -3.13137528e-01, -3.15932009e-01, -3.18734351e-01, -3.21541645e-01,
       -3.24354014e-01, -3.27171705e-01, -3.29998733e-01, -3.32830263e-01,
       -3.35668898e-01, -3.38517606e-01, -3.41375499e-01, -3.44237972e-01,
       -3.47110570e-01, -3.49992686e-01, -3.52882031e-01, -3.55781920e-01,
       -3.58691640e-01, -3.61608895e-01, -3.64539532e-01, -3.67475024e-01,
       -3.70422604e-01, -3.73382026e-01, -3.76353441e-01, -3.79333073e-01,
       -3.82325209e-01, -3.85329268e-01, -3.88342604e-01, -3.91365994e-01,
       -3.94402151e-01, -3.97450897e-01, -4.00507921e-01, -4.03572491e-01,
       -4.06650854e-01, -4.09740721e-01, -4.12838908e-01, -4.15945943e-01,
       -4.19060277e-01, -4.22182786e-01, -4.25306175e-01, -4.28438064e-01,
       -4.31573977e-01, -4.34707406e-01, -4.37843603e-01, -4.40972569e-01,
       -4.44090565e-01, -4.47202146e-01, -4.50285463e-01, -4.53342023e-01,
       -4.56375546e-01, -4.59369138e-01, -4.62307155e-01, -4.65155474e-01,
       -4.67927438e-01, -4.70553848e-01, -4.73009768e-01, -4.75207966e-01,
       -4.77039849e-01, -4.78241516e-01, -4.78549947e-01, -4.77620229e-01,
       -4.74921129e-01, -4.70547137e-01, -4.64965546e-01, -4.58559269e-01,
       -4.51797162e-01, -4.44809355e-01, -4.37764829e-01, -4.30732616e-01,
       -4.23749512e-01, -4.16859486e-01, -4.10091330e-01, -4.03439207e-01,
       -3.96924446e-01, -3.90529934e-01, -3.84276913e-01, -3.78142265e-01,
       -3.72131658e-01, -3.66251969e-01, -3.60487756e-01, -3.54837185e-01,
       -3.49297760e-01, -3.43867069e-01, -3.38537489e-01, -3.33307142e-01,
       -3.28172113e-01, -3.23128811e-01, -3.18172690e-01, -3.13300684e-01,
       -3.08511838e-01, -3.03801437e-01, -2.99164261e-01, -2.94601759e-01,
       -2.90109288e-01, -2.85682593e-01, -2.81321364e-01, -2.77023822e-01,
       -2.72786752e-01, -2.68609825e-01, -2.64489650e-01, -2.60422572e-01,
       -2.56408874e-01, -2.52448245e-01, -2.48536616e-01, -2.44675483e-01,
       -2.40859594e-01, -2.37088578e-01, -2.33361744e-01, -2.29679048e-01,
       -2.26038026e-01, -2.22436980e-01, -2.18875534e-01, -2.15352385e-01,
       -2.11866685e-01, -2.08416421e-01, -2.05001690e-01, -2.01622040e-01,
       -1.98276099e-01, -1.94961923e-01, -1.91680557e-01, -1.88428860e-01,
       -1.85206679e-01, -1.82014834e-01, -1.78852639e-01, -1.75717562e-01,
       -1.72608926e-01, -1.69526398e-01, -1.66469614e-01, -1.63438409e-01,
       -1.60432114e-01, -1.57449293e-01, -1.54489589e-01, -1.51552625e-01,
       -1.48637650e-01, -1.45744139e-01, -1.42871933e-01, -1.40020170e-01,
       -1.37188948e-01, -1.34376255e-01, -1.31582114e-01, -1.28806901e-01,
       -1.26050202e-01, -1.23311254e-01, -1.20588653e-01, -1.17882083e-01,
       -1.15191850e-01, -1.12517887e-01, -1.09858962e-01, -1.07214575e-01,
       -1.04584404e-01, -1.01968120e-01, -9.93653086e-02, -9.67761324e-02,
       -9.41996689e-02, -9.16355863e-02, -8.90835507e-02, -8.65432272e-02,
       -8.40144461e-02, -8.14965526e-02, -7.89888633e-02, -7.64910914e-02,
       -7.40029559e-02, -7.15245685e-02, -6.90556239e-02, -6.65957717e-02,
       -6.41440205e-02, -6.17003902e-02, -5.92646390e-02, -5.68362611e-02,
       -5.44151460e-02, -5.20008833e-02, -4.95930249e-02, -4.71914704e-02,
       -4.47958807e-02, -4.24059937e-02, -4.00213041e-02, -3.76414676e-02,
       -3.52662137e-02, -3.28953991e-02, -3.05287899e-02, -2.81659896e-02,
       -2.58065713e-02, -2.34503917e-02, -2.10971472e-02, -1.87465347e-02,
       -1.63982113e-02, -1.40518228e-02, -1.17071397e-02, -9.36397689e-03,
       -7.02197091e-03, -4.68083235e-03, -2.34027185e-03, -7.88864786e-18]
