tf_nt_inner = np.array([[ 3.54000000e+00,  0.00000000e+00],
       [ 3.53874017e+00,  2.54412291e-01],
       [ 3.53434350e+00,  5.02235438e-01],
       [ 3.52486209e+00,  7.37050951e-01],
       [ 3.50679918e+00,  9.52777231e-01],
       [ 3.47496121e+00,  1.14382708e+00],
       [ 3.42263604e+00,  1.30525241e+00],
       [ 3.34232241e+00,  1.43287239e+00],
       [ 3.22708754e+00,  1.52338173e+00],
       [ 3.07237352e+00,  1.57443627e+00],
       [ 2.87779086e+00,  1.58471375e+00],
       [ 2.64827608e+00,  1.55394797e+00],
       [ 2.39409333e+00,  1.48293576e+00],
       [ 2.12954539e+00,  1.37351629e+00],
       [ 1.87076120e+00,  1.22852347e+00],
       [ 1.63327834e+00,  1.05171254e+00],
       [ 1.43015232e+00,  8.47662800e-01],
       [ 1.27102084e+00,  6.21659043e-01],
       [ 1.16212253e+00,  3.79554644e-01],
       [ 1.10693102e+00,  1.27619978e-01],
       [ 1.10693102e+00, -1.27619978e-01],
       [ 1.16212253e+00, -3.79554644e-01],
       [ 1.27102084e+00, -6.21659043e-01],
       [ 1.43015232e+00, -8.47662800e-01],
       [ 1.63327834e+00, -1.05171254e+00],
       [ 1.87076120e+00, -1.22852347e+00],
       [ 2.12954539e+00, -1.37351629e+00],
       [ 2.39409333e+00, -1.48293576e+00],
       [ 2.64827608e+00, -1.55394797e+00],
       [ 2.87779086e+00, -1.58471375e+00],
       [ 3.07237352e+00, -1.57443627e+00],
       [ 3.22708754e+00, -1.52338173e+00],
       [ 3.34232241e+00, -1.43287239e+00],
       [ 3.42263604e+00, -1.30525241e+00],
       [ 3.47496121e+00, -1.14382708e+00],
       [ 3.50679918e+00, -9.52777231e-01],
       [ 3.52486209e+00, -7.37050951e-01],
       [ 3.53434350e+00, -5.02235438e-01],
       [ 3.53874017e+00, -2.54412291e-01],
       [ 3.54000000e+00, -3.88457965e-16]])

tf_nt_outer = np.array([[ 3.94000000e+00,  9.90375702e-04],
       [ 3.93872260e+00,  2.58950525e-01],
       [ 3.93420032e+00,  5.13853650e-01],
       [ 3.92418794e+00,  7.61819288e-01],
       [ 3.90404196e+00,  1.00242367e+00],
       [ 3.86463460e+00,  1.23889516e+00],
       [ 3.78775710e+00,  1.47606543e+00],
       [ 3.64392934e+00,  1.70461064e+00],
       [ 3.41902049e+00,  1.88126160e+00],
       [ 3.14690713e+00,  1.97105712e+00],
       [ 2.86162861e+00,  1.98612497e+00],
       [ 2.56749954e+00,  1.94669784e+00],
       [ 2.26336959e+00,  1.86173165e+00],
       [ 1.95473236e+00,  1.73407644e+00],
       [ 1.65265595e+00,  1.56482765e+00],
       [ 1.37067055e+00,  1.35488365e+00],
       [ 1.12267337e+00,  1.10575870e+00],
       [ 9.21925517e-01,  8.20649999e-01],
       [ 7.80280899e-01,  5.05743505e-01],
       [ 7.06931017e-01,  1.70920693e-01],
       [ 7.06931017e-01, -1.70920693e-01],
       [ 7.80280899e-01, -5.05743505e-01],
       [ 9.21925517e-01, -8.20649999e-01],
       [ 1.12267337e+00, -1.10575870e+00],
       [ 1.37067055e+00, -1.35488365e+00],
       [ 1.65265595e+00, -1.56482765e+00],
       [ 1.95473236e+00, -1.73407644e+00],
       [ 2.26336959e+00, -1.86173165e+00],
       [ 2.56749954e+00, -1.94669784e+00],
       [ 2.86162861e+00, -1.98612497e+00],
       [ 3.14690713e+00, -1.97105712e+00],
       [ 3.41902049e+00, -1.88126160e+00],
       [ 3.64392934e+00, -1.70461064e+00],
       [ 3.78775710e+00, -1.47606543e+00],
       [ 3.86463460e+00, -1.23889516e+00],
       [ 3.90404196e+00, -1.00242367e+00],
       [ 3.92418794e+00, -7.61819288e-01],
       [ 3.93420032e+00, -5.13853650e-01],
       [ 3.93872260e+00, -2.58950525e-01],
       [ 3.94000000e+00, -9.90375702e-04]])

tf_oval_inner = np.array([[ 3.54000000e+00,  0.00000000e+00],
       [ 3.53417323e+00,  2.54412291e-01],
       [ 3.51517788e+00,  5.02235438e-01],
       [ 3.47855551e+00,  7.37050951e-01],
       [ 3.41730838e+00,  9.52777231e-01],
       [ 3.32296744e+00,  1.14382708e+00],
       [ 3.18762279e+00,  1.30525241e+00],
       [ 3.00681445e+00,  1.43287239e+00],
       [ 2.78251043e+00,  1.52338173e+00],
       [ 2.52483148e+00,  1.57443627e+00],
       [ 2.25126484e+00,  1.58471375e+00],
       [ 1.98310703e+00,  1.55394797e+00],
       [ 1.74033687e+00,  1.48293576e+00],
       [ 1.53704078e+00,  1.37351629e+00],
       [ 1.37918246e+00,  1.22852347e+00],
       [ 1.26518712e+00,  1.05171254e+00],
       [ 1.18847641e+00,  8.47662800e-01],
       [ 1.14054377e+00,  6.21659043e-01],
       [ 1.11346625e+00,  3.79554644e-01],
       [ 1.10143290e+00,  1.27619978e-01],
       [ 1.10143290e+00, -1.27619978e-01],
       [ 1.11346625e+00, -3.79554644e-01],
       [ 1.14054377e+00, -6.21659043e-01],
       [ 1.18847641e+00, -8.47662800e-01],
       [ 1.26518712e+00, -1.05171254e+00],
       [ 1.37918246e+00, -1.22852347e+00],
       [ 1.53704078e+00, -1.37351629e+00],
       [ 1.74033687e+00, -1.48293576e+00],
       [ 1.98310703e+00, -1.55394797e+00],
       [ 2.25126484e+00, -1.58471375e+00],
       [ 2.52483148e+00, -1.57443627e+00],
       [ 2.78251043e+00, -1.52338173e+00],
       [ 3.00681445e+00, -1.43287239e+00],
       [ 3.18762279e+00, -1.30525241e+00],
       [ 3.32296744e+00, -1.14382708e+00],
       [ 3.41730838e+00, -9.52777231e-01],
       [ 3.47855551e+00, -7.37050951e-01],
       [ 3.51517788e+00, -5.02235438e-01],
       [ 3.53417323e+00, -2.54412291e-01],
       [ 3.54000000e+00, -3.88457965e-16]])


tf_oval_outer = np.array([[ 3.94      ,  0.00457997],
       [ 3.93382285,  0.27429087],
       [ 3.91281188,  0.54841083],
       [ 3.87001555,  0.82281256],
       [ 3.79212917,  1.09714603],
       [ 3.66035184,  1.36400834],
       [ 3.46074756,  1.60207601],
       [ 3.19954654,  1.78643957],
       [ 2.89723053,  1.90842767],
       [ 2.57150158,  1.97296513],
       [ 2.23588837,  1.9855736 ],
       [ 1.9035863 ,  1.94744854],
       [ 1.5877367 ,  1.85506001],
       [ 1.30335242,  1.70199668],
       [ 1.07080511,  1.48840204],
       [ 0.90582383,  1.23251005],
       [ 0.80344122,  0.96017331],
       [ 0.74519389,  0.68553553],
       [ 0.71452931,  0.41135858],
       [ 0.7014329 ,  0.13716729],
       [ 0.7014329 , -0.13716729],
       [ 0.71452931, -0.41135858],
       [ 0.74519389, -0.68553553],
       [ 0.80344122, -0.96017331],
       [ 0.90582383, -1.23251005],
       [ 1.07080511, -1.48840204],
       [ 1.30335242, -1.70199668],
       [ 1.5877367 , -1.85506001],
       [ 1.9035863 , -1.94744854],
       [ 2.23588837, -1.9855736 ],
       [ 2.57150158, -1.97296513],
       [ 2.89723053, -1.90842767],
       [ 3.19954654, -1.78643957],
       [ 3.46074756, -1.60207601],
       [ 3.66035184, -1.36400834],
       [ 3.79212917, -1.09714603],
       [ 3.87001555, -0.82281256],
       [ 3.91281188, -0.54841083],
       [ 3.93382285, -0.27429087],
       [ 3.94      , -0.00457997]])