Inner Contour:
[[ 1.21295616  0.        ]
 [ 1.20819627  0.1136394 ]
 [ 1.19411987  0.22839392]
 [ 1.17147837  0.33535708]
 [ 1.14160087  0.428733  ]
 [ 1.10659351  0.50348616]
 [ 1.06989537  0.55532746]
 [ 1.03721657  0.58207902]
 [ 1.01129551  0.58932473]
 [ 0.9202428   0.57841675]
 [ 0.82292215  0.544273  ]
 [ 0.73082552  0.48851609]
 [ 0.64867131  0.41333246]
 [ 0.58043826  0.32194035]
 [ 0.52936479  0.2185339 ]
 [ 0.49782749  0.10834806]
 [ 0.48723823  0.        ]
 [ 0.49782749 -0.10834806]
 [ 0.52936479 -0.2185339 ]
 [ 0.58043826 -0.32194035]
 [ 0.64867131 -0.41333246]
 [ 0.73082552 -0.48851609]
 [ 0.82292215 -0.544273  ]
 [ 0.9202428  -0.57841675]
 [ 1.01129551 -0.58932473]
 [ 1.03721657 -0.58207902]
 [ 1.06989537 -0.55532746]
 [ 1.10659351 -0.50348616]
 [ 1.14160087 -0.428733  ]
 [ 1.17147837 -0.33535708]
 [ 1.19411987 -0.22839392]
 [ 1.20819627 -0.1136394 ]]
 
 Outer Contour:
 [[ 1.24298246e+00  0.00000000e+00]
 [ 1.23811962e+00  1.16097384e-01]
 [ 1.22373853e+00  2.33335764e-01]
 [ 1.20051379e+00  3.43054279e-01]
 [ 1.16958656e+00  4.39710922e-01]
 [ 1.13262635e+00  5.18634118e-01]
 [ 1.09203745e+00  5.75971664e-01]
 [ 1.05135177e+00  6.09277818e-01]
 [ 1.01363820e+00  6.19819893e-01]
 [ 9.13411784e-01  6.07812910e-01]
 [ 8.10050491e-01  5.71549880e-01]
 [ 7.12755999e-01  5.12646087e-01]
 [ 6.26327355e-01  4.33550709e-01]
 [ 5.54756262e-01  3.37687588e-01]
 [ 5.01267885e-01  2.29391756e-01]
 [ 4.68235063e-01  1.13980848e-01]
 [ 4.57095292e-01 -2.77555756e-17]
 [ 4.68235063e-01 -1.13980848e-01]
 [ 5.01267885e-01 -2.29391756e-01]
 [ 5.54756262e-01 -3.37687588e-01]
 [ 6.26327355e-01 -4.33550709e-01]
 [ 7.12755999e-01 -5.12646087e-01]
 [ 8.10050491e-01 -5.71549880e-01]
 [ 9.13411784e-01 -6.07812910e-01]
 [ 1.01363820e+00 -6.19819893e-01]
 [ 1.05135177e+00 -6.09277818e-01]
 [ 1.09203745e+00 -5.75971664e-01]
 [ 1.13262635e+00 -5.18634118e-01]
 [ 1.16958656e+00 -4.39710922e-01]
 [ 1.20051379e+00 -3.43054279e-01]
 [ 1.22373853e+00 -2.33335764e-01]
 [ 1.23811962e+00 -1.16097384e-01]]