 disr    860     msec    nw      nh      vde       0  65  65
 0.700000000E+00 0.128000000E+01 0.100000000E+01 0.640000000E+00 0.000000000E+00
 0.923237136E+00-0.126008449E-04 0.111465678E+01 0.108264416E+01 0.300000000E+01
 0.204015644E+06 0.111465678E+01 0.000000000E+00 0.923237136E+00 0.000000000E+00
-0.126008449E-04 0.000000000E+00 0.108264416E+01 0.000000000E+00 0.000000000E+00
 0.302388223E+01 0.302294086E+01 0.302206232E+01 0.302122716E+01 0.302042610E+01
 0.301965410E+01 0.301890790E+01 0.301818517E+01 0.301748420E+01 0.301680361E+01
 0.301614233E+01 0.301549945E+01 0.301487421E+01 0.301426596E+01 0.301367414E+01
 0.301309826E+01 0.301253790E+01 0.301199265E+01 0.301146216E+01 0.301094612E+01
 0.301044423E+01 0.300995623E+01 0.300948188E+01 0.300902094E+01 0.300857321E+01
 0.300813849E+01 0.300771660E+01 0.300730735E+01 0.300691059E+01 0.300652616E+01
 0.300615391E+01 0.300579370E+01 0.300544538E+01 0.300510884E+01 0.300478395E+01
 0.300447059E+01 0.300416863E+01 0.300387798E+01 0.300359853E+01 0.300333018E+01
 0.300307285E+01 0.300282644E+01 0.300259086E+01 0.300236604E+01 0.300215190E+01
 0.300194834E+01 0.300175529E+01 0.300157266E+01 0.300140036E+01 0.300123826E+01
 0.300108620E+01 0.300094407E+01 0.300081168E+01 0.300068882E+01 0.300057541E+01
 0.300047134E+01 0.300037631E+01 0.300029122E+01 0.300021645E+01 0.300015251E+01
 0.300010003E+01 0.300006166E+01 0.300003333E+01 0.300001332E+01 0.300000000E+01
 0.354545437E+03 0.351368882E+03 0.348022949E+03 0.344563055E+03 0.341009360E+03
 0.337372797E+03 0.333660360E+03 0.329876614E+03 0.326024865E+03 0.322107630E+03
 0.318126795E+03 0.314083780E+03 0.309979611E+03 0.305814964E+03 0.301590235E+03
 0.297305640E+03 0.292961246E+03 0.288557048E+03 0.284092932E+03 0.279568638E+03
 0.274983682E+03 0.270337570E+03 0.265629810E+03 0.260859568E+03 0.256026100E+03
 0.251128514E+03 0.246165761E+03 0.241136962E+03 0.236040744E+03 0.230876046E+03
 0.225641480E+03 0.220335821E+03 0.214957577E+03 0.209505317E+03 0.203977501E+03
 0.198372634E+03 0.192689328E+03 0.186925975E+03 0.181080825E+03 0.175152186E+03
 0.169138267E+03 0.163037391E+03 0.156847513E+03 0.150567271E+03 0.144192553E+03
 0.137722683E+03 0.131149785E+03 0.124470382E+03 0.117675514E+03 0.110754957E+03
 0.103700370E+03 0.965035231E+02 0.891416259E+02 0.816382370E+02 0.739962996E+02
 0.662347213E+02 0.584027463E+02 0.505098870E+02 0.426329421E+02 0.346455425E+02
 0.265961503E+02 0.193695274E+02 0.134692037E+02 0.937427812E+01 0.754086958E+01
 0.618938899E+01 0.553701077E+01 0.522308908E+01 0.499114240E+01 0.479937513E+01
 0.463181610E+01 0.448098078E+01 0.434235503E+01 0.421308717E+01 0.409127610E+01
 0.397558154E+01 0.386500118E+01 0.375876247E+01 0.365627301E+01 0.355705614E+01
 0.346054742E+01 0.336666087E+01 0.327516575E+01 0.318578511E+01 0.309811108E+01
 0.301229983E+01 0.292815242E+01 0.284528684E+01 0.276396009E+01 0.268381635E+01
 0.260485457E+01 0.252718786E+01 0.245031408E+01 0.237468505E+01 0.229980735E+01
 0.222599531E+01 0.215297586E+01 0.208083633E+01 0.200946406E+01 0.193886899E+01
 0.186901972E+01 0.179987242E+01 0.173140200E+01 0.166355255E+01 0.159623063E+01
 0.152956925E+01 0.146335022E+01 0.139783541E+01 0.133259628E+01 0.126811144E+01
 0.120385560E+01 0.114027415E+01 0.107722770E+01 0.101476472E+01 0.953093302E+00
 0.892387053E+00 0.832284892E+00 0.774007128E+00 0.716435165E+00 0.659683858E+00
 0.603825064E+00 0.548471810E+00 0.489760030E+00 0.431179371E+00 0.364871366E+00
 0.282552208E+00 0.200916231E+00 0.130353260E+00 0.649179806E-01-0.000000000E+00
 0.618244493E+04 0.658965146E+04 0.685227558E+04 0.705609100E+04 0.723182796E+04
 0.739032864E+04 0.753775412E+04 0.767752191E+04 0.781142396E+04 0.794101564E+04
 0.806734137E+04 0.819122752E+04 0.831334983E+04 0.843421415E+04 0.855432598E+04
 0.867516595E+04 0.879559420E+04 0.891562480E+04 0.903580211E+04 0.915805897E+04
 0.928031620E+04 0.940309079E+04 0.952877601E+04 0.965451840E+04 0.978273652E+04
 0.991308178E+04 0.100435703E+05 0.101792925E+05 0.103145569E+05 0.104549095E+05
 0.105959363E+05 0.107407580E+05 0.108879065E+05 0.110384272E+05 0.111919153E+05
 0.113481937E+05 0.115076439E+05 0.116700608E+05 0.118359606E+05 0.120065190E+05
 0.121788399E+05 0.123567217E+05 0.125348658E+05 0.127231699E+05 0.129092969E+05
 0.131141958E+05 0.133183213E+05 0.135463349E+05 0.137862736E+05 0.140401777E+05
 0.143301721E+05 0.146172807E+05 0.149323119E+05 0.152480032E+05 0.155014748E+05
 0.156744408E+05 0.158458414E+05 0.158327446E+05 0.158016255E+05 0.156462898E+05
 0.152416288E+05 0.148403262E+05 0.108945837E+05 0.542567458E+04-0.000000000E+00
 0.977313656E+00 0.980938808E+00 0.985313041E+00 0.990711909E+00 0.997396284E+00
 0.100382786E+01 0.100590146E+01 0.101165981E+01 0.101403746E+01 0.101352277E+01
 0.101682671E+01 0.101679307E+01 0.101340185E+01 0.101367359E+01 0.100847423E+01
 0.100304635E+01 0.998745448E+00 0.995351797E+00 0.992721690E+00 0.990761335E+00
 0.989403484E+00 0.988598159E+00 0.988297855E+00 0.988451693E+00 0.989013087E+00
 0.989962452E+00 0.991308198E+00 0.993059213E+00 0.995218441E+00 0.997780236E+00
 0.100073922E+01 0.100408097E+01 0.100778612E+01 0.101182212E+01 0.101618224E+01
 0.102088268E+01 0.102594380E+01 0.103137194E+01 0.103716016E+01 0.104329138E+01
 0.104972337E+01 0.105638551E+01 0.106315753E+01 0.106987869E+01 0.107633749E+01
 0.108228354E+01 0.108749324E+01 0.109185691E+01 0.109531910E+01 0.109779026E+01
 0.109917685E+01 0.109946187E+01 0.109865266E+01 0.109669675E+01 0.109352883E+01
 0.108915744E+01 0.108362740E+01 0.107694039E+01 0.106911873E+01 0.106031370E+01
 0.105078310E+01 0.104076490E+01 0.103042671E+01 0.101991270E+01 0.100958687E+01
 0.997119931E+00 0.999839400E+00 0.100418659E+01 0.100997603E+01 0.101870338E+01
 0.102388889E+01 0.102662688E+01 0.103237043E+01 0.103486726E+01 0.103462510E+01
 0.103748967E+01 0.103717204E+01 0.103363287E+01 0.103296950E+01 0.102900090E+01
 0.102091747E+01 0.101570253E+01 0.101147376E+01 0.100808417E+01 0.100544147E+01
 0.100347602E+01 0.100214063E+01 0.100139902E+01 0.100119411E+01 0.100124761E+01
 0.100153182E+01 0.100226825E+01 0.100346036E+01 0.100508322E+01 0.100711868E+01
 0.100955675E+01 0.101239889E+01 0.101563032E+01 0.101905630E+01 0.102252621E+01
 0.102630295E+01 0.103042674E+01 0.103486494E+01 0.103959028E+01 0.104456711E+01
 0.104975820E+01 0.105510097E+01 0.106035330E+01 0.106518946E+01 0.106975171E+01
 0.107398578E+01 0.107774948E+01 0.108091014E+01 0.108334576E+01 0.108496359E+01
 0.108572607E+01 0.108560851E+01 0.108457362E+01 0.108258774E+01 0.107962672E+01
 0.107569094E+01 0.107079899E+01 0.106498659E+01 0.105831272E+01 0.105086273E+01
 0.104274307E+01 0.103405711E+01 0.102488244E+01 0.101519657E+01 0.100492487E+01
 0.101046661E+01 0.101403296E+01 0.101884051E+01 0.102483712E+01 0.103163853E+01
 0.103749083E+01 0.104167150E+01 0.104572047E+01 0.104841925E+01 0.104964304E+01
 0.105074133E+01 0.105010196E+01 0.104806491E+01 0.104559783E+01 0.104082962E+01
 0.103478199E+01 0.102928976E+01 0.102466301E+01 0.102085019E+01 0.101778083E+01
 0.101539907E+01 0.101366240E+01 0.101254773E+01 0.101228664E+01 0.101192203E+01
 0.101146656E+01 0.101174876E+01 0.101249233E+01 0.101365159E+01 0.101520311E+01
 0.101713364E+01 0.101944933E+01 0.102217265E+01 0.102519966E+01 0.102769973E+01
 0.103069677E+01 0.103400289E+01 0.103756420E+01 0.104133932E+01 0.104529171E+01
 0.104938930E+01 0.105361232E+01 0.105787167E+01 0.106115091E+01 0.106440504E+01
 0.106743887E+01 0.107013491E+01 0.107251653E+01 0.107412671E+01 0.107499677E+01
 0.107523148E+01 0.107480279E+01 0.107364183E+01 0.107169250E+01 0.106891344E+01
 0.106530643E+01 0.106091193E+01 0.105577197E+01 0.104992767E+01 0.104342690E+01
 0.103632135E+01 0.102866207E+01 0.102050677E+01 0.101196962E+01 0.100342330E+01
 0.101959889E+01 0.102442170E+01 0.102973628E+01 0.103596010E+01 0.104486362E+01
 0.105008262E+01 0.105277493E+01 0.105841156E+01 0.106075944E+01 0.106033822E+01
 0.106298825E+01 0.106243489E+01 0.105863884E+01 0.105770273E+01 0.105346071E+01
 0.104510847E+01 0.103961071E+01 0.103497651E+01 0.103100321E+01 0.102771696E+01
 0.102509849E+01 0.102308503E+01 0.102160667E+01 0.102059002E+01 0.101995731E+01
 0.101967544E+01 0.101975179E+01 0.102018808E+01 0.102097795E+01 0.102210013E+01
 0.102353555E+01 0.102526022E+01 0.102723179E+01 0.102939408E+01 0.103171348E+01
 0.103420038E+01 0.103686295E+01 0.103968448E+01 0.104263700E+01 0.104568405E+01
 0.104877037E+01 0.105182769E+01 0.105475773E+01 0.105747992E+01 0.105995534E+01
 0.106215672E+01 0.106403570E+01 0.106552630E+01 0.106654927E+01 0.106704286E+01
 0.106700001E+01 0.106642146E+01 0.106530296E+01 0.106358380E+01 0.106091375E+01
 0.105743307E+01 0.105337654E+01 0.104875525E+01 0.104356714E+01 0.103782388E+01
 0.103153867E+01 0.102472550E+01 0.101738590E+01 0.100944953E+01 0.100081494E+01
 0.102893592E+01 0.103317763E+01 0.103787911E+01 0.104342235E+01 0.105011425E+01
 0.105645964E+01 0.105835828E+01 0.106386746E+01 0.106592708E+01 0.106503228E+01
 0.106789704E+01 0.106737348E+01 0.106344691E+01 0.106314468E+01 0.105735932E+01
 0.105135874E+01 0.104681179E+01 0.104251111E+01 0.103851649E+01 0.103527505E+01
 0.103268392E+01 0.103063196E+01 0.102905239E+01 0.102788713E+01 0.102709919E+01
 0.102665566E+01 0.102653853E+01 0.102673133E+01 0.102722141E+01 0.102798965E+01
 0.102901799E+01 0.103028113E+01 0.103175419E+01 0.103341022E+01 0.103522678E+01
 0.103718342E+01 0.103926725E+01 0.104145387E+01 0.104371626E+01 0.104601960E+01
 0.104831998E+01 0.105056715E+01 0.105270818E+01 0.105469332E+01 0.105647495E+01
 0.105801094E+01 0.105925929E+01 0.106017542E+01 0.106071618E+01 0.106085096E+01
 0.106055654E+01 0.105982844E+01 0.105867790E+01 0.105732806E+01 0.105454488E+01
 0.105130265E+01 0.104762850E+01 0.104350367E+01 0.103891380E+01 0.103385707E+01
 0.102832643E+01 0.102231100E+01 0.101580130E+01 0.100885856E+01 0.100182527E+01
 0.103832180E+01 0.104039077E+01 0.104348163E+01 0.104740343E+01 0.105192448E+01
 0.105583107E+01 0.105855381E+01 0.106133191E+01 0.106315166E+01 0.106389377E+01
 0.106465655E+01 0.106412485E+01 0.106261977E+01 0.106097642E+01 0.105767620E+01
 0.105353159E+01 0.104972829E+01 0.104633343E+01 0.104329945E+01 0.104065168E+01
 0.103840557E+01 0.103654894E+01 0.103505891E+01 0.103390896E+01 0.103307586E+01
 0.103254162E+01 0.103228614E+01 0.103229503E+01 0.103255279E+01 0.103304425E+01
 0.103374893E+01 0.103465206E+01 0.103572948E+01 0.103696319E+01 0.103833216E+01
 0.103981670E+01 0.104139357E+01 0.104304168E+01 0.104473166E+01 0.104643472E+01
 0.104811579E+01 0.104973922E+01 0.105126416E+01 0.105265309E+01 0.105386836E+01
 0.105487253E+01 0.105562989E+01 0.105610843E+01 0.105627640E+01 0.105610334E+01
 0.105557031E+01 0.105465227E+01 0.105332113E+01 0.105153643E+01 0.104925993E+01
 0.104650174E+01 0.104329975E+01 0.103968671E+01 0.103568360E+01 0.103130834E+01
 0.102657077E+01 0.102142446E+01 0.101569817E+01 0.100930170E+01 0.100210619E+01
 0.104347992E+01 0.104462385E+01 0.104659356E+01 0.104901551E+01 0.105160156E+01
 0.105407019E+01 0.105623797E+01 0.105802915E+01 0.105935891E+01 0.106018105E+01
 0.106047937E+01 0.106020772E+01 0.105935424E+01 0.105794638E+01 0.105600738E+01
 0.105369755E+01 0.105124977E+01 0.104884724E+01 0.104659081E+01 0.104454046E+01
 0.104272858E+01 0.104117184E+01 0.103987321E+01 0.103883071E+01 0.103803472E+01
 0.103747718E+01 0.103714689E+01 0.103703243E+01 0.103712105E+01 0.103739954E+01
 0.103785487E+01 0.103846889E+01 0.103922857E+01 0.104011294E+01 0.104110633E+01
 0.104218871E+01 0.104334020E+01 0.104453818E+01 0.104575820E+01 0.104697694E+01
 0.104816291E+01 0.104929004E+01 0.105032718E+01 0.105124217E+01 0.105200480E+01
 0.105258819E+01 0.105296039E+01 0.105309665E+01 0.105297091E+01 0.105256086E+01
 0.105184434E+01 0.105080222E+01 0.104941463E+01 0.104766768E+01 0.104555162E+01
 0.104306788E+01 0.104023069E+01 0.103705897E+01 0.103357560E+01 0.102981605E+01
 0.102584200E+01 0.102184278E+01 0.101705782E+01 0.101155044E+01 0.100631304E+01
 0.104453400E+01 0.104651318E+01 0.104835853E+01 0.105017969E+01 0.105196781E+01
 0.105365276E+01 0.105516662E+01 0.105643604E+01 0.105741558E+01 0.105806161E+01
 0.105835314E+01 0.105826634E+01 0.105777962E+01 0.105687562E+01 0.105559946E+01
 0.105406981E+01 0.105241010E+01 0.105072002E+01 0.104907449E+01 0.104752688E+01
 0.104611407E+01 0.104486136E+01 0.104378380E+01 0.104288609E+01 0.104217108E+01
 0.104163634E+01 0.104127695E+01 0.104108855E+01 0.104105931E+01 0.104118088E+01
 0.104144312E+01 0.104183185E+01 0.104233376E+01 0.104293470E+01 0.104361870E+01
 0.104436997E+01 0.104517009E+01 0.104599881E+01 0.104683553E+01 0.104766190E+01
 0.104845098E+01 0.104918207E+01 0.104982740E+01 0.105036631E+01 0.105077177E+01
 0.105102236E+01 0.105109299E+01 0.105096444E+01 0.105061476E+01 0.105002567E+01
 0.104918279E+01 0.104806893E+01 0.104667481E+01 0.104499123E+01 0.104301573E+01
 0.104074994E+01 0.103820094E+01 0.103538206E+01 0.103231121E+01 0.102900550E+01
 0.102547881E+01 0.102172557E+01 0.101772911E+01 0.101354754E+01 0.100930147E+01
 0.104682766E+01 0.104867705E+01 0.105016139E+01 0.105149804E+01 0.105275454E+01
 0.105392964E+01 0.105499346E+01 0.105590480E+01 0.105663739E+01 0.105716626E+01
 0.105748405E+01 0.105762136E+01 0.105782934E+01 0.105723714E+01 0.105594588E+01
 0.105477127E+01 0.105356388E+01 0.105234248E+01 0.105113614E+01 0.104997769E+01
 0.104889570E+01 0.104791150E+01 0.104704166E+01 0.104629296E+01 0.104567408E+01
 0.104518724E+01 0.104483034E+01 0.104460028E+01 0.104449243E+01 0.104450089E+01
 0.104461638E+01 0.104482843E+01 0.104512757E+01 0.104550021E+01 0.104593531E+01
 0.104641621E+01 0.104692908E+01 0.104745724E+01 0.104798501E+01 0.104849316E+01
 0.104896289E+01 0.104937530E+01 0.104971035E+01 0.104994925E+01 0.105007213E+01
 0.105006068E+01 0.104989792E+01 0.104956240E+01 0.104904431E+01 0.104832465E+01
 0.104739502E+01 0.104624199E+01 0.104485983E+01 0.104324489E+01 0.104139345E+01
 0.103930926E+01 0.103699922E+01 0.103447024E+01 0.103173763E+01 0.102881351E+01
 0.102571391E+01 0.102245494E+01 0.101906383E+01 0.101557262E+01 0.101202300E+01
 0.105156060E+01 0.105183562E+01 0.105237386E+01 0.105307163E+01 0.105384855E+01
 0.105463336E+01 0.105537967E+01 0.105604307E+01 0.105659617E+01 0.105701684E+01
 0.105729688E+01 0.105743893E+01 0.105741747E+01 0.105706140E+01 0.105637764E+01
 0.105557759E+01 0.105472834E+01 0.105385473E+01 0.105297670E+01 0.105211899E+01
 0.105130057E+01 0.105053883E+01 0.104984694E+01 0.104923665E+01 0.104871324E+01
 0.104828268E+01 0.104794283E+01 0.104769653E+01 0.104753822E+01 0.104746475E+01
 0.104746974E+01 0.104754536E+01 0.104768385E+01 0.104787442E+01 0.104810759E+01
 0.104837212E+01 0.104865473E+01 0.104893949E+01 0.104921654E+01 0.104946863E+01
 0.104968093E+01 0.104983934E+01 0.104992633E+01 0.104992660E+01 0.104982613E+01
 0.104960931E+01 0.104926168E+01 0.104877013E+01 0.104812369E+01 0.104730874E+01
 0.104632050E+01 0.104514776E+01 0.104378701E+01 0.104223670E+01 0.104049620E+01
 0.103856749E+01 0.103645579E+01 0.103417063E+01 0.103172235E+01 0.102912487E+01
 0.102639583E+01 0.102355866E+01 0.102063985E+01 0.101767976E+01 0.101472714E+01
 0.105494165E+01 0.105415627E+01 0.105413077E+01 0.105445998E+01 0.105495689E+01
 0.105552120E+01 0.105608281E+01 0.105660209E+01 0.105703993E+01 0.105737191E+01
 0.105758328E+01 0.105766073E+01 0.105759055E+01 0.105736168E+01 0.105698621E+01
 0.105650098E+01 0.105593991E+01 0.105533641E+01 0.105471217E+01 0.105408562E+01
 0.105347540E+01 0.105289352E+01 0.105235176E+01 0.105186047E+01 0.105142481E+01
 0.105104883E+01 0.105073487E+01 0.105048354E+01 0.105029438E+01 0.105016297E+01
 0.105008626E+01 0.105005565E+01 0.105006880E+01 0.105011583E+01 0.105018880E+01
 0.105027789E+01 0.105037335E+01 0.105046384E+01 0.105053770E+01 0.105058397E+01
 0.105058980E+01 0.105054340E+01 0.105043311E+01 0.105024331E+01 0.104996533E+01
 0.104958636E+01 0.104909659E+01 0.104848319E+01 0.104773936E+01 0.104685469E+01
 0.104582520E+01 0.104464491E+01 0.104331005E+01 0.104181969E+01 0.104017465E+01
 0.103837666E+01 0.103643332E+01 0.103434986E+01 0.103213712E+01 0.102980663E+01
 0.102737415E+01 0.102485950E+01 0.102228779E+01 0.101969067E+01 0.101711617E+01
 0.105399266E+01 0.105445719E+01 0.105491043E+01 0.105540086E+01 0.105592446E+01
 0.105645922E+01 0.105698218E+01 0.105746248E+01 0.105786470E+01 0.105815466E+01
 0.105832125E+01 0.105837244E+01 0.105832183E+01 0.105817427E+01 0.105794100E+01
 0.105763201E+01 0.105726513E+01 0.105685681E+01 0.105642093E+01 0.105597315E+01
 0.105552464E+01 0.105508616E+01 0.105466776E+01 0.105427594E+01 0.105391557E+01
 0.105359037E+01 0.105330508E+01 0.105305729E+01 0.105284842E+01 0.105267517E+01
 0.105253617E+01 0.105242599E+01 0.105234101E+01 0.105227285E+01 0.105221719E+01
 0.105216524E+01 0.105211097E+01 0.105204308E+01 0.105195372E+01 0.105183391E+01
 0.105167376E+01 0.105146370E+01 0.105119296E+01 0.105085283E+01 0.105043302E+01
 0.104992667E+01 0.104932263E+01 0.104861548E+01 0.104779615E+01 0.104686131E+01
 0.104580374E+01 0.104462198E+01 0.104331206E+01 0.104187694E+01 0.104031240E+01
 0.103862668E+01 0.103682093E+01 0.103490288E+01 0.103288106E+01 0.103076404E+01
 0.102856377E+01 0.102629198E+01 0.102396129E+01 0.102158354E+01 0.101915958E+01
 0.105331891E+01 0.105465873E+01 0.105555409E+01 0.105625553E+01 0.105687531E+01
 0.105746228E+01 0.105803696E+01 0.105860620E+01 0.105912406E+01 0.105939259E+01
 0.105943610E+01 0.105942222E+01 0.105937189E+01 0.105927657E+01 0.105913373E+01
 0.105894331E+01 0.105871108E+01 0.105844313E+01 0.105814942E+01 0.105783869E+01
 0.105751725E+01 0.105719409E+01 0.105687517E+01 0.105656631E+01 0.105626977E+01
 0.105599084E+01 0.105573145E+01 0.105549141E+01 0.105527081E+01 0.105506844E+01
 0.105488299E+01 0.105470930E+01 0.105454649E+01 0.105438843E+01 0.105422980E+01
 0.105406424E+01 0.105388823E+01 0.105369127E+01 0.105347026E+01 0.105321588E+01
 0.105291989E+01 0.105257517E+01 0.105217643E+01 0.105171424E+01 0.105118143E+01
 0.105057156E+01 0.104987760E+01 0.104909619E+01 0.104821857E+01 0.104724417E+01
 0.104616798E+01 0.104498678E+01 0.104370146E+01 0.104231162E+01 0.104081852E+01
 0.103922442E+01 0.103753314E+01 0.103575136E+01 0.103388431E+01 0.103194017E+01
 0.102992629E+01 0.102785275E+01 0.102572131E+01 0.102354070E+01 0.102130893E+01
 0.105540231E+01 0.105610062E+01 0.105673555E+01 0.105734489E+01 0.105793977E+01
 0.105852723E+01 0.105912198E+01 0.105975527E+01 0.106061356E+01 0.106090044E+01
 0.106061536E+01 0.106058834E+01 0.106057360E+01 0.106054245E+01 0.106048157E+01
 0.106038783E+01 0.106026213E+01 0.106010604E+01 0.105992393E+01 0.105972211E+01
 0.105950326E+01 0.105927271E+01 0.105903673E+01 0.105879581E+01 0.105855426E+01
 0.105831628E+01 0.105808159E+01 0.105784956E+01 0.105762305E+01 0.105739908E+01
 0.105717698E+01 0.105695441E+01 0.105672918E+01 0.105649660E+01 0.105625485E+01
 0.105599576E+01 0.105571949E+01 0.105541846E+01 0.105508816E+01 0.105472211E+01
 0.105431548E+01 0.105386205E+01 0.105335803E+01 0.105279408E+01 0.105216832E+01
 0.105147467E+01 0.105070861E+01 0.104986555E+01 0.104894299E+01 0.104793693E+01
 0.104684494E+01 0.104566773E+01 0.104440260E+01 0.104305102E+01 0.104161570E+01
 0.104009783E+01 0.103850111E+01 0.103683132E+01 0.103509273E+01 0.103329278E+01
 0.103143607E+01 0.102953348E+01 0.102758907E+01 0.102560615E+01 0.102357937E+01
 0.105786173E+01 0.105770392E+01 0.105802058E+01 0.105851353E+01 0.105906259E+01
 0.105961816E+01 0.106015710E+01 0.106066139E+01 0.106109377E+01 0.106141200E+01
 0.106161917E+01 0.106175598E+01 0.106185038E+01 0.106191117E+01 0.106194086E+01
 0.106193855E+01 0.106190733E+01 0.106184636E+01 0.106175964E+01 0.106164716E+01
 0.106151615E+01 0.106136411E+01 0.106119684E+01 0.106101612E+01 0.106082251E+01
 0.106062014E+01 0.106040640E+01 0.106018524E+01 0.105995461E+01 0.105971460E+01
 0.105946499E+01 0.105920184E+01 0.105892422E+01 0.105863075E+01 0.105831901E+01
 0.105798445E+01 0.105762333E+01 0.105723474E+01 0.105681097E+01 0.105635218E+01
 0.105585261E+01 0.105530778E+01 0.105471291E+01 0.105406582E+01 0.105336231E+01
 0.105259789E+01 0.105177023E+01 0.105087706E+01 0.104991462E+01 0.104888227E+01
 0.104777731E+01 0.104660144E+01 0.104535316E+01 0.104403452E+01 0.104264537E+01
 0.104118985E+01 0.103967001E+01 0.103809061E+01 0.103645718E+01 0.103477493E+01
 0.103305249E+01 0.103129713E+01 0.102952089E+01 0.102774143E+01 0.102597766E+01
 0.105741902E+01 0.105819645E+01 0.105891300E+01 0.105959124E+01 0.106022388E+01
 0.106079971E+01 0.106131914E+01 0.106178189E+01 0.106218673E+01 0.106253083E+01
 0.106281563E+01 0.106304936E+01 0.106323844E+01 0.106338936E+01 0.106350554E+01
 0.106358893E+01 0.106364668E+01 0.106367374E+01 0.106367145E+01 0.106364129E+01
 0.106358377E+01 0.106350153E+01 0.106339566E+01 0.106326643E+01 0.106311655E+01
 0.106294399E+01 0.106275288E+01 0.106254120E+01 0.106230881E+01 0.106205635E+01
 0.106178116E+01 0.106148496E+01 0.106116418E+01 0.106081814E+01 0.106044469E+01
 0.106004426E+01 0.105961231E+01 0.105914674E+01 0.105864353E+01 0.105810394E+01
 0.105752243E+01 0.105689753E+01 0.105622481E+01 0.105550472E+01 0.105473304E+01
 0.105390628E+01 0.105302581E+01 0.105208793E+01 0.105109061E+01 0.105003507E+01
 0.104891713E+01 0.104774016E+01 0.104650449E+01 0.104521027E+01 0.104385816E+01
 0.104245175E+01 0.104099457E+01 0.103948849E+01 0.103793775E+01 0.103634902E+01
 0.103472762E+01 0.103308397E+01 0.103142668E+01 0.102977696E+01 0.102816692E+01
 0.105730258E+01 0.105884374E+01 0.105995508E+01 0.106085749E+01 0.106161243E+01
 0.106220912E+01 0.106268987E+01 0.106311459E+01 0.106350684E+01 0.106386940E+01
 0.106419931E+01 0.106449559E+01 0.106475791E+01 0.106498727E+01 0.106518404E+01
 0.106535311E+01 0.106549265E+01 0.106560108E+01 0.106567764E+01 0.106572077E+01
 0.106573436E+01 0.106571435E+01 0.106566480E+01 0.106558311E+01 0.106547222E+01
 0.106532992E+01 0.106515826E+01 0.106495485E+01 0.106472146E+01 0.106445778E+01
 0.106416221E+01 0.106383486E+01 0.106347568E+01 0.106308217E+01 0.106265548E+01
 0.106219399E+01 0.106169558E+01 0.106116011E+01 0.106058665E+01 0.105997299E+01
 0.105931901E+01 0.105861992E+01 0.105787897E+01 0.105709241E+01 0.105625739E+01
 0.105537672E+01 0.105444536E+01 0.105346457E+01 0.105243508E+01 0.105135499E+01
 0.105022368E+01 0.104904315E+01 0.104781337E+01 0.104653694E+01 0.104521286E+01
 0.104384598E+01 0.104243644E+01 0.104098837E+01 0.103950365E+01 0.103798664E+01
 0.103644043E+01 0.103487135E+01 0.103328031E+01 0.103166843E+01 0.103002790E+01
 0.105982043E+01 0.106069712E+01 0.106156848E+01 0.106252103E+01 0.106356566E+01
 0.106417118E+01 0.106420411E+01 0.106455843E+01 0.106494608E+01 0.106533526E+01
 0.106571232E+01 0.106606876E+01 0.106640076E+01 0.106670482E+01 0.106698360E+01
 0.106723532E+01 0.106745482E+01 0.106764101E+01 0.106779217E+01 0.106790808E+01
 0.106798676E+01 0.106802884E+01 0.106803281E+01 0.106799820E+01 0.106792419E+01
 0.106780980E+01 0.106765750E+01 0.106746295E+01 0.106722835E+01 0.106695248E+01
 0.106663741E+01 0.106628048E+01 0.106588225E+01 0.106544366E+01 0.106496499E+01
 0.106444551E+01 0.106388542E+01 0.106328389E+01 0.106264133E+01 0.106195919E+01
 0.106123369E+01 0.106046775E+01 0.105965909E+01 0.105880846E+01 0.105791549E+01
 0.105697924E+01 0.105600007E+01 0.105497901E+01 0.105391520E+01 0.105280902E+01
 0.105166039E+01 0.105047333E+01 0.104924569E+01 0.104797880E+01 0.104667630E+01
 0.104533971E+01 0.104396871E+01 0.104256690E+01 0.104113542E+01 0.103967557E+01
 0.103819192E+01 0.103668288E+01 0.103514905E+01 0.103358819E+01 0.103199302E+01
 0.106257312E+01 0.106255839E+01 0.106304974E+01 0.106374333E+01 0.106445995E+01
 0.106503083E+01 0.106549830E+01 0.106595466E+01 0.106641372E+01 0.106687048E+01
 0.106731566E+01 0.106774407E+01 0.106815316E+01 0.106853984E+01 0.106890380E+01
 0.106923756E+01 0.106953800E+01 0.106980372E+01 0.107003276E+01 0.107022129E+01
 0.107036784E+01 0.107047159E+01 0.107053050E+01 0.107054155E+01 0.107050414E+01
 0.107041874E+01 0.107028273E+01 0.107009656E+01 0.106986039E+01 0.106957144E+01
 0.106923447E+01 0.106884694E+01 0.106841049E+01 0.106792433E+01 0.106739349E+01
 0.106681469E+01 0.106619122E+01 0.106552348E+01 0.106481222E+01 0.106405897E+01
 0.106326349E+01 0.106242807E+01 0.106155331E+01 0.106063864E+01 0.105968564E+01
 0.105869463E+01 0.105766602E+01 0.105660193E+01 0.105550233E+01 0.105436689E+01
 0.105319874E+01 0.105199856E+01 0.105076723E+01 0.104950524E+01 0.104821807E+01
 0.104690342E+01 0.104556584E+01 0.104420425E+01 0.104281862E+01 0.104140967E+01
 0.103997813E+01 0.103852727E+01 0.103706159E+01 0.103557901E+01 0.103407005E+01
 0.106233097E+01 0.106321642E+01 0.106402565E+01 0.106478354E+01 0.106549429E+01
 0.106615527E+01 0.106676973E+01 0.106735357E+01 0.106791797E+01 0.106846631E+01
 0.106899864E+01 0.106951385E+01 0.107001085E+01 0.107048978E+01 0.107094102E+01
 0.107136314E+01 0.107175174E+01 0.107210294E+01 0.107241430E+01 0.107268117E+01
 0.107290096E+01 0.107306964E+01 0.107318573E+01 0.107324525E+01 0.107324744E+01
 0.107319012E+01 0.107307203E+01 0.107289160E+01 0.107265090E+01 0.107234791E+01
 0.107198476E+01 0.107156176E+01 0.107108188E+01 0.107054531E+01 0.106995527E+01
 0.106931334E+01 0.106862146E+01 0.106788292E+01 0.106709810E+01 0.106627137E+01
 0.106540197E+01 0.106449476E+01 0.106354936E+01 0.106256757E+01 0.106155164E+01
 0.106050163E+01 0.105942133E+01 0.105831003E+01 0.105716949E+01 0.105600132E+01
 0.105480776E+01 0.105358840E+01 0.105234808E+01 0.105108666E+01 0.104980679E+01
 0.104851092E+01 0.104720133E+01 0.104587885E+01 0.104454253E+01 0.104318039E+01
 0.104178581E+01 0.104038043E+01 0.103897894E+01 0.103759673E+01 0.103625028E+01
 0.106239857E+01 0.106415582E+01 0.106519115E+01 0.106600323E+01 0.106675848E+01
 0.106747691E+01 0.106816864E+01 0.106884043E+01 0.106949609E+01 0.107013777E+01
 0.107076617E+01 0.107137844E+01 0.107197403E+01 0.107254911E+01 0.107309841E+01
 0.107361909E+01 0.107410487E+01 0.107455246E+01 0.107495542E+01 0.107530965E+01
 0.107560968E+01 0.107585154E+01 0.107603016E+01 0.107614357E+01 0.107618760E+01
 0.107615931E+01 0.107605853E+01 0.107588383E+01 0.107563478E+01 0.107531225E+01
 0.107491833E+01 0.107445412E+01 0.107392246E+01 0.107332605E+01 0.107266859E+01
 0.107195425E+01 0.107118489E+01 0.107036664E+01 0.106950156E+01 0.106859201E+01
 0.106764195E+01 0.106665630E+01 0.106563440E+01 0.106457868E+01 0.106349420E+01
 0.106238166E+01 0.106124206E+01 0.106007903E+01 0.105889323E+01 0.105768746E+01
 0.105646127E+01 0.105521879E+01 0.105396095E+01 0.105269128E+01 0.105141113E+01
 0.105012497E+01 0.104883746E+01 0.104755295E+01 0.104629571E+01 0.104500748E+01
 0.104358144E+01 0.104217774E+01 0.104079939E+01 0.103945895E+01 0.103818239E+01
 0.106491302E+01 0.106586895E+01 0.106668368E+01 0.106743180E+01 0.106817593E+01
 0.106892159E+01 0.106966763E+01 0.107041120E+01 0.107115156E+01 0.107188630E+01
 0.107261321E+01 0.107333011E+01 0.107403299E+01 0.107471756E+01 0.107537926E+01
 0.107601229E+01 0.107661004E+01 0.107716740E+01 0.107767736E+01 0.107813150E+01
 0.107852581E+01 0.107885083E+01 0.107910263E+01 0.107927614E+01 0.107936704E+01
 0.107937115E+01 0.107928835E+01 0.107911649E+01 0.107885431E+01 0.107850494E+01
 0.107806948E+01 0.107755177E+01 0.107695613E+01 0.107628699E+01 0.107554850E+01
 0.107474796E+01 0.107388978E+01 0.107297833E+01 0.107201960E+01 0.107101698E+01
 0.106997529E+01 0.106889914E+01 0.106779259E+01 0.106665631E+01 0.106549555E+01
 0.106431240E+01 0.106310866E+01 0.106188706E+01 0.106064958E+01 0.105939776E+01
 0.105813406E+01 0.105685982E+01 0.105557919E+01 0.105429081E+01 0.105300087E+01
 0.105171119E+01 0.105042394E+01 0.104914808E+01 0.104788693E+01 0.104663033E+01
 0.104527605E+01 0.104385877E+01 0.104247187E+01 0.104110293E+01 0.103973329E+01
 0.106767058E+01 0.106771795E+01 0.106821433E+01 0.106888174E+01 0.106962409E+01
 0.107040670E+01 0.107121262E+01 0.107203305E+01 0.107286166E+01 0.107369537E+01
 0.107453002E+01 0.107536187E+01 0.107618468E+01 0.107699400E+01 0.107778476E+01
 0.107854887E+01 0.107927846E+01 0.107996604E+01 0.108060251E+01 0.108117825E+01
 0.108168341E+01 0.108210902E+01 0.108244733E+01 0.108269099E+01 0.108283589E+01
 0.108287653E+01 0.108281055E+01 0.108263643E+01 0.108235625E+01 0.108196856E+01
 0.108147845E+01 0.108089093E+01 0.108021234E+01 0.107945089E+01 0.107861258E+01
 0.107770624E+01 0.107673788E+01 0.107571523E+01 0.107464661E+01 0.107353619E+01
 0.107238953E+01 0.107121124E+01 0.107000715E+01 0.106878063E+01 0.106753504E+01
 0.106627250E+01 0.106499620E+01 0.106370903E+01 0.106241356E+01 0.106111034E+01
 0.105980232E+01 0.105848961E+01 0.105717549E+01 0.105586376E+01 0.105455253E+01
 0.105324606E+01 0.105194547E+01 0.105065255E+01 0.104936850E+01 0.104809803E+01
 0.104678677E+01 0.104540598E+01 0.104404753E+01 0.104269054E+01 0.104132433E+01
 0.106763739E+01 0.106859586E+01 0.106937673E+01 0.107016939E+01 0.107100086E+01
 0.107186482E+01 0.107275586E+01 0.107366900E+01 0.107460004E+01 0.107554464E+01
 0.107649942E+01 0.107745965E+01 0.107842000E+01 0.107937437E+01 0.108031471E+01
 0.108123337E+01 0.108212031E+01 0.108296453E+01 0.108375790E+01 0.108448402E+01
 0.108512731E+01 0.108567485E+01 0.108611729E+01 0.108644576E+01 0.108665331E+01
 0.108673502E+01 0.108668680E+01 0.108650736E+01 0.108619739E+01 0.108575887E+01
 0.108519514E+01 0.108451254E+01 0.108372233E+01 0.108283817E+01 0.108187258E+01
 0.108083455E+01 0.107973260E+01 0.107857569E+01 0.107737458E+01 0.107613701E+01
 0.107486681E+01 0.107357209E+01 0.107225868E+01 0.107092780E+01 0.106958719E+01
 0.106823646E+01 0.106688055E+01 0.106552086E+01 0.106416052E+01 0.106279878E+01
 0.106144089E+01 0.106008570E+01 0.105873447E+01 0.105738933E+01 0.105605191E+01
 0.105472156E+01 0.105340070E+01 0.105208825E+01 0.105078259E+01 0.104947989E+01
 0.104817721E+01 0.104687320E+01 0.104557222E+01 0.104427305E+01 0.104296694E+01
 0.106786598E+01 0.106960054E+01 0.107041220E+01 0.107136583E+01 0.107231520E+01
 0.107328258E+01 0.107427410E+01 0.107529253E+01 0.107633807E+01 0.107740679E+01
 0.107849717E+01 0.107960410E+01 0.108072189E+01 0.108184405E+01 0.108296174E+01
 0.108406691E+01 0.108514071E+01 0.108616364E+01 0.108711990E+01 0.108799548E+01
 0.108877448E+01 0.108944388E+01 0.108999215E+01 0.109040641E+01 0.109067953E+01
 0.109080392E+01 0.109077651E+01 0.109059394E+01 0.109025753E+01 0.108976912E+01
 0.108913632E+01 0.108836633E+01 0.108746845E+01 0.108645640E+01 0.108534108E+01
 0.108413731E+01 0.108286615E+01 0.108154581E+01 0.108018631E+01 0.107879680E+01
 0.107738512E+01 0.107595652E+01 0.107451667E+01 0.107307128E+01 0.107162401E+01
 0.107017751E+01 0.106873419E+01 0.106729583E+01 0.106586360E+01 0.106444101E+01
 0.106302645E+01 0.106162348E+01 0.106023131E+01 0.105885099E+01 0.105748409E+01
 0.105613011E+01 0.105478738E+01 0.105346003E+01 0.105214516E+01 0.105084339E+01
 0.104955600E+01 0.104828545E+01 0.104703858E+01 0.104582616E+01 0.104466350E+01
 0.106953244E+01 0.107061496E+01 0.107161224E+01 0.107260000E+01 0.107361246E+01
 0.107466166E+01 0.107575062E+01 0.107687983E+01 0.107804794E+01 0.107925351E+01
 0.108049375E+01 0.108176551E+01 0.108306314E+01 0.108437856E+01 0.108569298E+01
 0.108698488E+01 0.108823715E+01 0.108943361E+01 0.109055522E+01 0.109158509E+01
 0.109250591E+01 0.109330271E+01 0.109395943E+01 0.109446303E+01 0.109480452E+01
 0.109497504E+01 0.109496923E+01 0.109478467E+01 0.109442137E+01 0.109388444E+01
 0.109317998E+01 0.109231725E+01 0.109130777E+01 0.109016606E+01 0.108890761E+01
 0.108754962E+01 0.108610856E+01 0.108460329E+01 0.108305343E+01 0.108148629E+01
 0.107990778E+01 0.107832649E+01 0.107674748E+01 0.107517533E+01 0.107361233E+01
 0.107206051E+01 0.107052291E+01 0.106900160E+01 0.106749534E+01 0.106600604E+01
 0.106453525E+01 0.106308101E+01 0.106164621E+01 0.106022961E+01 0.105883167E+01
 0.105745277E+01 0.105609197E+01 0.105475020E+01 0.105342755E+01 0.105212498E+01
 0.105084407E+01 0.104958768E+01 0.104836276E+01 0.104718364E+01 0.104607717E+01
 0.107186012E+01 0.107210740E+01 0.107284039E+01 0.107378260E+01 0.107483529E+01
 0.107596223E+01 0.107715077E+01 0.107839416E+01 0.107969261E+01 0.108104433E+01
 0.108244759E+01 0.108390125E+01 0.108539047E+01 0.108689130E+01 0.108838751E+01
 0.108985979E+01 0.109129128E+01 0.109265969E+01 0.109394675E+01 0.109513255E+01
 0.109619603E+01 0.109712027E+01 0.109788820E+01 0.109848446E+01 0.109889621E+01
 0.109911411E+01 0.109913074E+01 0.109894403E+01 0.109855470E+01 0.109796777E+01
 0.109718984E+01 0.109623413E+01 0.109511290E+01 0.109384196E+01 0.109244003E+01
 0.109092717E+01 0.108932069E+01 0.108764368E+01 0.108591457E+01 0.108415351E+01
 0.108238823E+01 0.108063738E+01 0.107890546E+01 0.107719609E+01 0.107550987E+01
 0.107384924E+01 0.107221383E+01 0.107060537E+01 0.106902316E+01 0.106746758E+01
 0.106593703E+01 0.106443480E+01 0.106295564E+01 0.106150285E+01 0.106007511E+01
 0.105867221E+01 0.105729313E+01 0.105593761E+01 0.105460648E+01 0.105330037E+01
 0.105201753E+01 0.105075665E+01 0.104951854E+01 0.104829875E+01 0.104708337E+01
 0.107129863E+01 0.107248919E+01 0.107358719E+01 0.107471257E+01 0.107589026E+01
 0.107712838E+01 0.107842874E+01 0.107979384E+01 0.108122687E+01 0.108272988E+01
 0.108430389E+01 0.108593101E+01 0.108758970E+01 0.108926295E+01 0.109093243E+01
 0.109257898E+01 0.109418006E+01 0.109571546E+01 0.109716251E+01 0.109849954E+01
 0.109970442E+01 0.110075683E+01 0.110163647E+01 0.110232501E+01 0.110280808E+01
 0.110307395E+01 0.110311420E+01 0.110292575E+01 0.110250941E+01 0.110187067E+01
 0.110102001E+01 0.109997072E+01 0.109873842E+01 0.109734150E+01 0.109580047E+01
 0.109413733E+01 0.109237292E+01 0.109052989E+01 0.108863273E+01 0.108670182E+01
 0.108475875E+01 0.108282517E+01 0.108093314E+01 0.107908021E+01 0.107726913E+01
 0.107549747E+01 0.107376465E+01 0.107206996E+01 0.107041339E+01 0.106879207E+01
 0.106720659E+01 0.106565463E+01 0.106413613E+01 0.106264993E+01 0.106119491E+01
 0.105976917E+01 0.105837400E+01 0.105700710E+01 0.105567008E+01 0.105435879E+01
 0.105307523E+01 0.105181411E+01 0.105057107E+01 0.104934089E+01 0.104810790E+01
 0.107103605E+01 0.107298467E+01 0.107422809E+01 0.107551169E+01 0.107680913E+01
 0.107815191E+01 0.107955901E+01 0.108103893E+01 0.108260150E+01 0.108425233E+01
 0.108597570E+01 0.108775114E+01 0.108956249E+01 0.109139061E+01 0.109321740E+01
 0.109502014E+01 0.109677806E+01 0.109846740E+01 0.110006419E+01 0.110154521E+01
 0.110288494E+01 0.110406045E+01 0.110504953E+01 0.110583069E+01 0.110638565E+01
 0.110669917E+01 0.110676298E+01 0.110657155E+01 0.110612703E+01 0.110543685E+01
 0.110451322E+01 0.110337138E+01 0.110203135E+01 0.110051460E+01 0.109884272E+01
 0.109704065E+01 0.109513125E+01 0.109313807E+01 0.109108784E+01 0.108900205E+01
 0.108690540E+01 0.108481728E+01 0.108276237E+01 0.108076939E+01 0.107883456E+01
 0.107695659E+01 0.107513162E+01 0.107335693E+01 0.107163100E+01 0.106995025E+01
 0.106831400E+01 0.106671982E+01 0.106516519E+01 0.106364809E+01 0.106216975E+01
 0.106072634E+01 0.105931647E+01 0.105794371E+01 0.105660180E+01 0.105529280E+01
 0.105401583E+01 0.105276969E+01 0.105154910E+01 0.105034921E+01 0.104915694E+01
 0.107252880E+01 0.107380796E+01 0.107504404E+01 0.107630715E+01 0.107763046E+01
 0.107902833E+01 0.108051088E+01 0.108208671E+01 0.108376204E+01 0.108553257E+01
 0.108737500E+01 0.108927335E+01 0.109121236E+01 0.109317155E+01 0.109513142E+01
 0.109706897E+01 0.109896194E+01 0.110078466E+01 0.110251403E+01 0.110412285E+01
 0.110558578E+01 0.110687673E+01 0.110796957E+01 0.110884029E+01 0.110946582E+01
 0.110982776E+01 0.110991365E+01 0.110971779E+01 0.110924315E+01 0.110849989E+01
 0.110750414E+01 0.110627541E+01 0.110483587E+01 0.110320935E+01 0.110142074E+01
 0.109949727E+01 0.109746202E+01 0.109534066E+01 0.109316097E+01 0.109094433E+01
 0.108871856E+01 0.108650323E+01 0.108431991E+01 0.108219646E+01 0.108015186E+01
 0.107817778E+01 0.107627135E+01 0.107442739E+01 0.107264303E+01 0.107091201E+01
 0.106923266E+01 0.106760165E+01 0.106601755E+01 0.106447760E+01 0.106297990E+01
 0.106152459E+01 0.106010559E+01 0.105872741E+01 0.105738716E+01 0.105608416E+01
 0.105481819E+01 0.105359361E+01 0.105241434E+01 0.105128567E+01 0.105022014E+01
 0.107442729E+01 0.107484498E+01 0.107577883E+01 0.107695217E+01 0.107826819E+01
 0.107969762E+01 0.108123382E+01 0.108287913E+01 0.108464041E+01 0.108649613E+01
 0.108842870E+01 0.109042112E+01 0.109245630E+01 0.109451505E+01 0.109657641E+01
 0.109861726E+01 0.110061516E+01 0.110254393E+01 0.110437930E+01 0.110609327E+01
 0.110765920E+01 0.110904942E+01 0.111023470E+01 0.111118864E+01 0.111188204E+01
 0.111229179E+01 0.111239870E+01 0.111219578E+01 0.111168851E+01 0.111089244E+01
 0.110982866E+01 0.110852070E+01 0.110699576E+01 0.110527828E+01 0.110339634E+01
 0.110137450E+01 0.109924101E+01 0.109702219E+01 0.109474334E+01 0.109242866E+01
 0.109010404E+01 0.108779296E+01 0.108551695E+01 0.108329640E+01 0.108116162E+01
 0.107911307E+01 0.107714285E+01 0.107524593E+01 0.107341511E+01 0.107164660E+01
 0.106993688E+01 0.106828221E+01 0.106667643E+01 0.106512129E+01 0.106361148E+01
 0.106214813E+01 0.106072622E+01 0.105934685E+01 0.105800905E+01 0.105671055E+01
 0.105545454E+01 0.105424295E+01 0.105307918E+01 0.105197773E+01 0.105096237E+01
 0.107337334E+01 0.107469841E+01 0.107595085E+01 0.107724540E+01 0.107862076E+01
 0.108009458E+01 0.108167567E+01 0.108337134E+01 0.108518452E+01 0.108709311E+01
 0.108908036E+01 0.109113032E+01 0.109322584E+01 0.109534738E+01 0.109747233E+01
 0.109957939E+01 0.110164473E+01 0.110364253E+01 0.110554652E+01 0.110733146E+01
 0.110896874E+01 0.111043004E+01 0.111168597E+01 0.111270650E+01 0.111346074E+01
 0.111391591E+01 0.111404320E+01 0.111382935E+01 0.111328720E+01 0.111244335E+01
 0.111132429E+01 0.110995800E+01 0.110837149E+01 0.110659326E+01 0.110464896E+01
 0.110256472E+01 0.110036988E+01 0.109808791E+01 0.109574764E+01 0.109337228E+01
 0.109098714E+01 0.108861714E+01 0.108628357E+01 0.108400653E+01 0.108181477E+01
 0.107971804E+01 0.107771034E+01 0.107578018E+01 0.107392345E+01 0.107213367E+01
 0.107040666E+01 0.106873827E+01 0.106712364E+01 0.106556238E+01 0.106404934E+01
 0.106258520E+01 0.106116432E+01 0.105978905E+01 0.105845588E+01 0.105716461E+01
 0.105591315E+01 0.105470157E+01 0.105352560E+01 0.105238195E+01 0.105125703E+01
 0.107270950E+01 0.107475564E+01 0.107595469E+01 0.107730550E+01 0.107871860E+01
 0.108021632E+01 0.108181600E+01 0.108353064E+01 0.108536201E+01 0.108728810E+01
 0.108929339E+01 0.109136305E+01 0.109347868E+01 0.109562086E+01 0.109776766E+01
 0.109989694E+01 0.110198561E+01 0.110400701E+01 0.110593663E+01 0.110774690E+01
 0.110941085E+01 0.111089983E+01 0.111218523E+01 0.111323670E+01 0.111402382E+01
 0.111451032E+01 0.111465465E+01 0.111442811E+01 0.111386252E+01 0.111299422E+01
 0.111185226E+01 0.111046427E+01 0.110885725E+01 0.110705876E+01 0.110509357E+01
 0.110299145E+01 0.110077616E+01 0.109847548E+01 0.109611588E+01 0.109372244E+01
 0.109131955E+01 0.108893127E+01 0.108658189E+01 0.108428697E+01 0.108207769E+01
 0.107996907E+01 0.107794909E+01 0.107601150E+01 0.107415091E+01 0.107235695E+01
 0.107062821E+01 0.106896149E+01 0.106735126E+01 0.106579136E+01 0.106428539E+01
 0.106282737E+01 0.106141598E+01 0.106005021E+01 0.105872795E+01 0.105744577E+01
 0.105620406E+01 0.105499834E+01 0.105382575E+01 0.105267530E+01 0.105153428E+01
 0.107334950E+01 0.107467396E+01 0.107592743E+01 0.107722257E+01 0.107859963E+01
 0.108007419E+01 0.108165465E+01 0.108335009E+01 0.108516224E+01 0.108706969E+01
 0.108905497E+01 0.109110399E+01 0.109319884E+01 0.109531957E+01 0.109744432E+01
 0.109955076E+01 0.110161521E+01 0.110361392E+01 0.110551945E+01 0.110730579E+01
 0.110894493E+01 0.111040863E+01 0.111166784E+01 0.111269193E+01 0.111344989E+01
 0.111390989E+01 0.111404199E+01 0.111383469E+01 0.111329871E+01 0.111246079E+01
 0.111134795E+01 0.110998831E+01 0.110840957E+01 0.110663805E+01 0.110469988E+01
 0.110262366E+01 0.110043555E+01 0.109816110E+01 0.109582700E+01 0.109345973E+01
 0.109108182E+01 0.108871919E+01 0.108639267E+01 0.108412282E+01 0.108193718E+01
 0.107984968E+01 0.107785091E+01 0.107593145E+01 0.107408688E+01 0.107231081E+01
 0.107059864E+01 0.106894552E+01 0.106734837E+01 0.106580663E+01 0.106431439E+01
 0.106287207E+01 0.106147497E+01 0.106012543E+01 0.105881956E+01 0.105755702E+01
 0.105633667E+01 0.105515640E+01 0.105401166E+01 0.105289774E+01 0.105180052E+01
 0.107436782E+01 0.107479138E+01 0.107572890E+01 0.107690789E+01 0.107822729E+01
 0.107965919E+01 0.108119506E+01 0.108283896E+01 0.108459687E+01 0.108645037E+01
 0.108837950E+01 0.109036889E+01 0.109240287E+01 0.109446030E+01 0.109651987E+01
 0.109856052E+01 0.110055800E+01 0.110248843E+01 0.110432502E+01 0.110604173E+01
 0.110761176E+01 0.110900695E+01 0.111019841E+01 0.111115786E+01 0.111186035E+01
 0.111227830E+01 0.111239614E+01 0.111220440E+01 0.111170926E+01 0.111092516E+01
 0.110987382E+01 0.110857942E+01 0.110706754E+01 0.110536414E+01 0.110349543E+01
 0.110148814E+01 0.109936878E+01 0.109716381E+01 0.109489884E+01 0.109259902E+01
 0.109028874E+01 0.108799117E+01 0.108572905E+01 0.108352352E+01 0.108140270E+01
 0.107937014E+01 0.107741984E+01 0.107554445E+01 0.107373784E+01 0.107199617E+01
 0.107031621E+01 0.106869312E+01 0.106712221E+01 0.106560488E+01 0.106413609E+01
 0.106271625E+01 0.106134272E+01 0.106001458E+01 0.105873180E+01 0.105749203E+01
 0.105629858E+01 0.105515272E+01 0.105405725E+01 0.105302229E+01 0.105205751E+01
 0.107241627E+01 0.107370381E+01 0.107496461E+01 0.107624781E+01 0.107758073E+01
 0.107898059E+01 0.108046048E+01 0.108203076E+01 0.108370070E+01 0.108546573E+01
 0.108730328E+01 0.108919835E+01 0.109113318E+01 0.109308974E+01 0.109504811E+01
 0.109698493E+01 0.109887723E+01 0.110070220E+01 0.110243390E+01 0.110404699E+01
 0.110551508E+01 0.110681359E+01 0.110791446E+01 0.110879539E+01 0.110943219E+01
 0.110980701E+01 0.110990745E+01 0.110972752E+01 0.110926959E+01 0.110854391E+01
 0.110756641E+01 0.110635641E+01 0.110493592E+01 0.110332965E+01 0.110156181E+01
 0.109965725E+01 0.109764325E+01 0.109554401E+01 0.109338486E+01 0.109118979E+01
 0.108898450E+01 0.108679124E+01 0.108462896E+01 0.108252418E+01 0.108050161E+01
 0.107855438E+01 0.107667669E+01 0.107486625E+01 0.107311770E+01 0.107142675E+01
 0.106979111E+01 0.106820831E+01 0.106667486E+01 0.106519144E+01 0.106375368E+01
 0.106236448E+01 0.106101685E+01 0.105971538E+01 0.105845663E+01 0.105724284E+01
 0.105607241E+01 0.105495106E+01 0.105388354E+01 0.105288142E+01 0.105196955E+01
 0.107076470E+01 0.107270666E+01 0.107417361E+01 0.107548240E+01 0.107677544E+01
 0.107810638E+01 0.107950078E+01 0.108097109E+01 0.108252411E+01 0.108416610E+01
 0.108588266E+01 0.108765183E+01 0.108945842E+01 0.109128300E+01 0.109310712E+01
 0.109490929E+01 0.109666799E+01 0.109835884E+01 0.109995975E+01 0.110144481E+01
 0.110279133E+01 0.110397622E+01 0.110497545E+01 0.110576905E+01 0.110633869E+01
 0.110666861E+01 0.110675031E+01 0.110657829E+01 0.110615440E+01 0.110548588E+01
 0.110458535E+01 0.110346782E+01 0.110215347E+01 0.110066142E+01 0.109901595E+01
 0.109724013E+01 0.109535749E+01 0.109339180E+01 0.109136843E+01 0.108931051E+01
 0.108724173E+01 0.108518089E+01 0.108315356E+01 0.108118704E+01 0.107928297E+01
 0.107744019E+01 0.107565456E+01 0.107392429E+01 0.107224715E+01 0.107061891E+01
 0.106904030E+01 0.106750847E+01 0.106602223E+01 0.106457887E+01 0.106317985E+01
 0.106182213E+01 0.106050592E+01 0.105923278E+01 0.105800062E+01 0.105680893E+01
 0.105565836E+01 0.105454900E+01 0.105347675E+01 0.105243786E+01 0.105142172E+01
 0.107187690E+01 0.107305672E+01 0.107375576E+01 0.107475892E+01 0.107587737E+01
 0.107708083E+01 0.107835923E+01 0.107970956E+01 0.108113068E+01 0.108262307E+01
 0.108418859E+01 0.108580850E+01 0.108746189E+01 0.108913141E+01 0.109079782E+01
 0.109244259E+01 0.109404447E+01 0.109558230E+01 0.109703362E+01 0.109837612E+01
 0.109958954E+01 0.110065123E+01 0.110154307E+01 0.110224618E+01 0.110274572E+01
 0.110303039E+01 0.110309054E+01 0.110292464E+01 0.110253230E+01 0.110192002E+01
 0.110109623E+01 0.110007465E+01 0.109887153E+01 0.109750528E+01 0.109599541E+01
 0.109436322E+01 0.109263049E+01 0.109082093E+01 0.108895650E+01 0.108705890E+01
 0.108514914E+01 0.108324918E+01 0.108138868E+01 0.107957142E+01 0.107780111E+01
 0.107607497E+01 0.107439192E+01 0.107275252E+01 0.107115616E+01 0.106960037E+01
 0.106808632E+01 0.106661122E+01 0.106517570E+01 0.106377930E+01 0.106242126E+01
 0.106110036E+01 0.105981979E+01 0.105857608E+01 0.105737227E+01 0.105620486E+01
 0.105507539E+01 0.105398216E+01 0.105291666E+01 0.105187684E+01 0.105084552E+01
 0.107198813E+01 0.107222006E+01 0.107288317E+01 0.107376345E+01 0.107477532E+01
 0.107587738E+01 0.107704984E+01 0.107828175E+01 0.107957163E+01 0.108091462E+01
 0.108231017E+01 0.108375709E+01 0.108523905E+01 0.108673577E+01 0.108822877E+01
 0.108970072E+01 0.109113191E+01 0.109250311E+01 0.109379435E+01 0.109498578E+01
 0.109605836E+01 0.109699372E+01 0.109777482E+01 0.109838653E+01 0.109881574E+01
 0.109905381E+01 0.109909285E+01 0.109893064E+01 0.109856824E+01 0.109800898E+01
 0.109726223E+01 0.109633741E+01 0.109524867E+01 0.109401232E+01 0.109264529E+01
 0.109116752E+01 0.108959743E+01 0.108795762E+01 0.108626554E+01 0.108454271E+01
 0.108281246E+01 0.108110017E+01 0.107941137E+01 0.107774765E+01 0.107611215E+01
 0.107450778E+01 0.107293271E+01 0.107138947E+01 0.106987895E+01 0.106839960E+01
 0.106695275E+01 0.106553899E+01 0.106415673E+01 0.106280879E+01 0.106149418E+01
 0.106021376E+01 0.105896708E+01 0.105775551E+01 0.105658048E+01 0.105544347E+01
 0.105434242E+01 0.105327767E+01 0.105224756E+01 0.105124625E+01 0.105025970E+01
 0.106930497E+01 0.107038796E+01 0.107141246E+01 0.107242704E+01 0.107345591E+01
 0.107451296E+01 0.107560443E+01 0.107673284E+01 0.107789852E+01 0.107909956E+01
 0.108033510E+01 0.108160069E+01 0.108289181E+01 0.108420296E+01 0.108551436E+01
 0.108680439E+01 0.108805721E+01 0.108925499E+01 0.109038082E+01 0.109141729E+01
 0.109234622E+01 0.109315345E+01 0.109382395E+01 0.109434433E+01 0.109470436E+01
 0.109489546E+01 0.109491270E+01 0.109475428E+01 0.109441895E+01 0.109391237E+01
 0.109323959E+01 0.109241062E+01 0.109143689E+01 0.109033137E+01 0.108911121E+01
 0.108779238E+01 0.108639040E+01 0.108492632E+01 0.108341727E+01 0.108188915E+01
 0.108035375E+01 0.107881932E+01 0.107729125E+01 0.107577466E+01 0.107427112E+01
 0.107278476E+01 0.107131706E+01 0.106987067E+01 0.106844654E+01 0.106704357E+01
 0.106566727E+01 0.106431367E+01 0.106298670E+01 0.106168762E+01 0.106041523E+01
 0.105917217E+01 0.105796049E+01 0.105678014E+01 0.105563472E+01 0.105452393E+01
 0.105345383E+01 0.105242569E+01 0.105144510E+01 0.105052120E+01 0.104966638E+01
 0.106700938E+01 0.106874704E+01 0.107001188E+01 0.107108372E+01 0.107209033E+01
 0.107308560E+01 0.107409176E+01 0.107511705E+01 0.107616343E+01 0.107723136E+01
 0.107831897E+01 0.107942139E+01 0.108053423E+01 0.108165176E+01 0.108276556E+01
 0.108386798E+01 0.108494010E+01 0.108596455E+01 0.108692491E+01 0.108780551E+01
 0.108859332E+01 0.108927344E+01 0.108983440E+01 0.109026491E+01 0.109055645E+01
 0.109070251E+01 0.109069867E+01 0.109054181E+01 0.109023384E+01 0.108977634E+01
 0.108917585E+01 0.108844160E+01 0.108757952E+01 0.108660641E+01 0.108553168E+01
 0.108436866E+01 0.108313874E+01 0.108186080E+01 0.108054597E+01 0.107920327E+01
 0.107784183E+01 0.107646801E+01 0.107508621E+01 0.107370434E+01 0.107232488E+01
 0.107095156E+01 0.106958750E+01 0.106823270E+01 0.106689131E+01 0.106556497E+01
 0.106425444E+01 0.106296198E+01 0.106168755E+01 0.106043322E+01 0.105920240E+01
 0.105799426E+01 0.105681015E+01 0.105565626E+01 0.105453392E+01 0.105344595E+01
 0.105239711E+01 0.105139109E+01 0.105043515E+01 0.104953991E+01 0.104873533E+01
 0.106753812E+01 0.106851209E+01 0.106913418E+01 0.106993425E+01 0.107078399E+01
 0.107166277E+01 0.107256235E+01 0.107347894E+01 0.107440956E+01 0.107535264E+01
 0.107630414E+01 0.107726066E+01 0.107821677E+01 0.107916667E+01 0.108010399E+01
 0.108102027E+01 0.108190528E+01 0.108274857E+01 0.108354368E+01 0.108427304E+01
 0.108492365E+01 0.108548297E+01 0.108593771E+01 0.108628132E+01 0.108650645E+01
 0.108660777E+01 0.108658295E+01 0.108642874E+01 0.108614752E+01 0.108573902E+01
 0.108520807E+01 0.108456071E+01 0.108380754E+01 0.108296209E+01 0.108203578E+01
 0.108104006E+01 0.107998269E+01 0.107887251E+01 0.107772196E+01 0.107653648E+01
 0.107532294E+01 0.107409008E+01 0.107284180E+01 0.107158076E+01 0.107031480E+01
 0.106904552E+01 0.106777643E+01 0.106650832E+01 0.106524741E+01 0.106399081E+01
 0.106274489E+01 0.106150715E+01 0.106028267E+01 0.105907087E+01 0.105787351E+01
 0.105669448E+01 0.105553344E+01 0.105439593E+01 0.105328471E+01 0.105220585E+01
 0.105116786E+01 0.105016958E+01 0.104920895E+01 0.104827295E+01 0.104735321E+01
 0.106755088E+01 0.106758723E+01 0.106804857E+01 0.106870031E+01 0.106944025E+01
 0.107022218E+01 0.107102520E+01 0.107184051E+01 0.107266293E+01 0.107349091E+01
 0.107431987E+01 0.107514558E+01 0.107596374E+01 0.107676919E+01 0.107755645E+01
 0.107831761E+01 0.107904569E+01 0.107973354E+01 0.108037132E+01 0.108095092E+01
 0.108146261E+01 0.108189641E+01 0.108224535E+01 0.108250332E+01 0.108266287E+01
 0.108272219E+01 0.108267822E+01 0.108252843E+01 0.108227439E+01 0.108191602E+01
 0.108145780E+01 0.108090445E+01 0.108026205E+01 0.107953932E+01 0.107874252E+01
 0.107787972E+01 0.107695898E+01 0.107598679E+01 0.107497200E+01 0.107391908E+01
 0.107283386E+01 0.107172220E+01 0.107058913E+01 0.106943862E+01 0.106827565E+01
 0.106709966E+01 0.106591711E+01 0.106473046E+01 0.106354086E+01 0.106235064E+01
 0.106116161E+01 0.105997529E+01 0.105879414E+01 0.105762049E+01 0.105645332E+01
 0.105529784E+01 0.105415057E+01 0.105301641E+01 0.105189622E+01 0.105078856E+01
 0.104974716E+01 0.104880186E+01 0.104785573E+01 0.104691395E+01 0.104596927E+01
 0.106469556E+01 0.106562102E+01 0.106647060E+01 0.106726970E+01 0.106802914E+01
 0.106876612E+01 0.106949342E+01 0.107021897E+01 0.107094383E+01 0.107166670E+01
 0.107238459E+01 0.107309453E+01 0.107379174E+01 0.107447215E+01 0.107512983E+01
 0.107575905E+01 0.107635574E+01 0.107691197E+01 0.107742288E+01 0.107788077E+01
 0.107827856E+01 0.107861139E+01 0.107887284E+01 0.107905787E+01 0.107916264E+01
 0.107918463E+01 0.107912065E+01 0.107897045E+01 0.107873391E+01 0.107841253E+01
 0.107800783E+01 0.107752298E+01 0.107696397E+01 0.107633363E+01 0.107563752E+01
 0.107488181E+01 0.107407286E+01 0.107321413E+01 0.107231204E+01 0.107137056E+01
 0.107039477E+01 0.106938877E+01 0.106835822E+01 0.106730462E+01 0.106623052E+01
 0.106514082E+01 0.106403678E+01 0.106292247E+01 0.106179832E+01 0.106066725E+01
 0.105953145E+01 0.105839170E+01 0.105725099E+01 0.105610837E+01 0.105496939E+01
 0.105383058E+01 0.105269263E+01 0.105155752E+01 0.105041853E+01 0.104929563E+01
 0.104829260E+01 0.104737778E+01 0.104645544E+01 0.104553582E+01 0.104461318E+01
 0.106220209E+01 0.106388255E+01 0.106511027E+01 0.106602231E+01 0.106672828E+01
 0.106736962E+01 0.106800118E+01 0.106863327E+01 0.106926605E+01 0.106989367E+01
 0.107051325E+01 0.107112015E+01 0.107171098E+01 0.107227992E+01 0.107282496E+01
 0.107334143E+01 0.107382406E+01 0.107426906E+01 0.107467137E+01 0.107502678E+01
 0.107533029E+01 0.107557750E+01 0.107576377E+01 0.107588746E+01 0.107594372E+01
 0.107593116E+01 0.107584822E+01 0.107569373E+01 0.107546807E+01 0.107517178E+01
 0.107480726E+01 0.107437565E+01 0.107387973E+01 0.107332170E+01 0.107270669E+01
 0.107203882E+01 0.107131919E+01 0.107055562E+01 0.106974900E+01 0.106890291E+01
 0.106802278E+01 0.106711007E+01 0.106616789E+01 0.106519870E+01 0.106420651E+01
 0.106319261E+01 0.106215972E+01 0.106110953E+01 0.106004490E+01 0.105896703E+01
 0.105787704E+01 0.105677929E+01 0.105567186E+01 0.105455988E+01 0.105344303E+01
 0.105232297E+01 0.105120007E+01 0.105007076E+01 0.104892179E+01 0.104781675E+01
 0.104686743E+01 0.104592838E+01 0.104500981E+01 0.104412671E+01 0.104329528E+01
 0.106227723E+01 0.106332843E+01 0.106457071E+01 0.106529399E+01 0.106553680E+01
 0.106600209E+01 0.106653117E+01 0.106708075E+01 0.106763312E+01 0.106817933E+01
 0.106871337E+01 0.106923161E+01 0.106972831E+01 0.107019810E+01 0.107064157E+01
 0.107105628E+01 0.107143954E+01 0.107178618E+01 0.107209401E+01 0.107236085E+01
 0.107258094E+01 0.107275391E+01 0.107287490E+01 0.107294283E+01 0.107295557E+01
 0.107291141E+01 0.107280887E+01 0.107264818E+01 0.107242877E+01 0.107214997E+01
 0.107181571E+01 0.107142383E+01 0.107097854E+01 0.107047997E+01 0.106993199E+01
 0.106933675E+01 0.106869516E+01 0.106801147E+01 0.106728695E+01 0.106652584E+01
 0.106572658E+01 0.106489582E+01 0.106403378E+01 0.106314107E+01 0.106222117E+01
 0.106127482E+01 0.106030626E+01 0.105931441E+01 0.105830152E+01 0.105726954E+01
 0.105622161E+01 0.105515745E+01 0.105408101E+01 0.105299179E+01 0.105189516E+01
 0.105079156E+01 0.104968323E+01 0.104857669E+01 0.104747897E+01 0.104640977E+01
 0.104538134E+01 0.104438764E+01 0.104342808E+01 0.104251613E+01 0.104168112E+01
 0.106243051E+01 0.106243463E+01 0.106290567E+01 0.106346651E+01 0.106399722E+01
 0.106451876E+01 0.106504010E+01 0.106555451E+01 0.106605441E+01 0.106653537E+01
 0.106699407E+01 0.106742976E+01 0.106784085E+01 0.106822411E+01 0.106857604E+01
 0.106889823E+01 0.106918952E+01 0.106944811E+01 0.106967097E+01 0.106985623E+01
 0.107000137E+01 0.107010605E+01 0.107016784E+01 0.107018565E+01 0.107015661E+01
 0.107008182E+01 0.106995927E+01 0.106979012E+01 0.106957364E+01 0.106930744E+01
 0.106899699E+01 0.106863865E+01 0.106823484E+01 0.106778686E+01 0.106729735E+01
 0.106676383E+01 0.106619094E+01 0.106557782E+01 0.106492675E+01 0.106423972E+01
 0.106351647E+01 0.106275854E+01 0.106196854E+01 0.106114647E+01 0.106029197E+01
 0.105940919E+01 0.105849580E+01 0.105755601E+01 0.105659061E+01 0.105559856E+01
 0.105458448E+01 0.105354912E+01 0.105249455E+01 0.105142204E+01 0.105033646E+01
 0.104924026E+01 0.104813719E+01 0.104703295E+01 0.104593340E+01 0.104484461E+01
 0.104377078E+01 0.104271616E+01 0.104168000E+01 0.104065972E+01 0.103964379E+01
 0.105955355E+01 0.106036894E+01 0.106111498E+01 0.106180978E+01 0.106245392E+01
 0.106305059E+01 0.106360243E+01 0.106410775E+01 0.106456723E+01 0.106498620E+01
 0.106537133E+01 0.106572625E+01 0.106605431E+01 0.106635417E+01 0.106662204E+01
 0.106685844E+01 0.106706413E+01 0.106723920E+01 0.106738135E+01 0.106749077E+01
 0.106756564E+01 0.106760544E+01 0.106761122E+01 0.106757930E+01 0.106751081E+01
 0.106740604E+01 0.106726443E+01 0.106708379E+01 0.106686767E+01 0.106661232E+01
 0.106632087E+01 0.106599144E+01 0.106562388E+01 0.106522166E+01 0.106478208E+01
 0.106430677E+01 0.106379627E+01 0.106324891E+01 0.106266546E+01 0.106204893E+01
 0.106139584E+01 0.106070770E+01 0.105998515E+01 0.105922725E+01 0.105843545E+01
 0.105760896E+01 0.105674856E+01 0.105585560E+01 0.105493065E+01 0.105397401E+01
 0.105298671E+01 0.105197248E+01 0.105093217E+01 0.104986777E+01 0.104878267E+01
 0.104768098E+01 0.104656626E+01 0.104544318E+01 0.104431486E+01 0.104318883E+01
 0.104206779E+01 0.104095306E+01 0.103984317E+01 0.103873531E+01 0.103762199E+01
 0.105699480E+01 0.105848757E+01 0.105953534E+01 0.106037079E+01 0.106109846E+01
 0.106175720E+01 0.106234843E+01 0.106284472E+01 0.106324181E+01 0.106357084E+01
 0.106386206E+01 0.106412776E+01 0.106436814E+01 0.106458349E+01 0.106477168E+01
 0.106492671E+01 0.106505100E+01 0.106514428E+01 0.106520814E+01 0.106524275E+01
 0.106524975E+01 0.106522578E+01 0.106517396E+01 0.106509303E+01 0.106498575E+01
 0.106484996E+01 0.106468595E+01 0.106449511E+01 0.106427632E+01 0.106402998E+01
 0.106375570E+01 0.106345254E+01 0.106312266E+01 0.106276206E+01 0.106237273E+01
 0.106195284E+01 0.106150111E+01 0.106101854E+01 0.106050309E+01 0.105995374E+01
 0.105936994E+01 0.105874877E+01 0.105809293E+01 0.105739930E+01 0.105666580E+01
 0.105589525E+01 0.105508433E+01 0.105423395E+01 0.105334642E+01 0.105241867E+01
 0.105145421E+01 0.105045245E+01 0.104941795E+01 0.104835040E+01 0.104725386E+01
 0.104613339E+01 0.104499052E+01 0.104383211E+01 0.104266159E+01 0.104148539E+01
 0.104030714E+01 0.103913330E+01 0.103796426E+01 0.103680040E+01 0.103563287E+01
 0.105711279E+01 0.105787070E+01 0.105857752E+01 0.105926786E+01 0.105996112E+01
 0.106067972E+01 0.106146326E+01 0.106219997E+01 0.106212860E+01 0.106227189E+01
 0.106244626E+01 0.106262064E+01 0.106277849E+01 0.106291234E+01 0.106301880E+01
 0.106309596E+01 0.106313759E+01 0.106315002E+01 0.106313541E+01 0.106309394E+01
 0.106302775E+01 0.106293905E+01 0.106282840E+01 0.106269782E+01 0.106254794E+01
 0.106237838E+01 0.106219348E+01 0.106199010E+01 0.106176847E+01 0.106153091E+01
 0.106127299E+01 0.106099866E+01 0.106070326E+01 0.106038748E+01 0.106004800E+01
 0.105968605E+01 0.105929747E+01 0.105888172E+01 0.105843395E+01 0.105795565E+01
 0.105744222E+01 0.105689283E+01 0.105630330E+01 0.105567459E+01 0.105500357E+01
 0.105428658E+01 0.105352523E+01 0.105271773E+01 0.105186293E+01 0.105096131E+01
 0.105001178E+01 0.104901698E+01 0.104797776E+01 0.104689803E+01 0.104577773E+01
 0.104462284E+01 0.104343817E+01 0.104222730E+01 0.104099536E+01 0.103975178E+01
 0.103850202E+01 0.103725642E+01 0.103602572E+01 0.103482676E+01 0.103367689E+01
 0.105755466E+01 0.105738525E+01 0.105769913E+01 0.105820704E+01 0.105880009E+01
 0.105944221E+01 0.106010665E+01 0.106058742E+01 0.106077063E+01 0.106091432E+01
 0.106105660E+01 0.106118254E+01 0.106127972E+01 0.106134344E+01 0.106137111E+01
 0.106136217E+01 0.106131995E+01 0.106124686E+01 0.106114670E+01 0.106102313E+01
 0.106088095E+01 0.106072024E+01 0.106054605E+01 0.106036007E+01 0.106016426E+01
 0.105996078E+01 0.105974908E+01 0.105953266E+01 0.105931031E+01 0.105908092E+01
 0.105884473E+01 0.105859890E+01 0.105834356E+01 0.105807502E+01 0.105779273E+01
 0.105749284E+01 0.105717188E+01 0.105682864E+01 0.105645637E+01 0.105605512E+01
 0.105561984E+01 0.105514624E+01 0.105463151E+01 0.105407241E+01 0.105346585E+01
 0.105280844E+01 0.105209829E+01 0.105133293E+01 0.105051022E+01 0.104963126E+01
 0.104869364E+01 0.104769859E+01 0.104664813E+01 0.104554329E+01 0.104438623E+01
 0.104318236E+01 0.104193607E+01 0.104065248E+01 0.103933850E+01 0.103800218E+01
 0.103665225E+01 0.103530038E+01 0.103395844E+01 0.103265140E+01 0.103141392E+01
 0.105507989E+01 0.105575900E+01 0.105637552E+01 0.105696789E+01 0.105754028E+01
 0.105808558E+01 0.105858157E+01 0.105899790E+01 0.105932101E+01 0.105956327E+01
 0.105973848E+01 0.105985230E+01 0.105990520E+01 0.105990120E+01 0.105984461E+01
 0.105974287E+01 0.105960333E+01 0.105943060E+01 0.105923307E+01 0.105901603E+01
 0.105878300E+01 0.105854066E+01 0.105829435E+01 0.105804560E+01 0.105779825E+01
 0.105755479E+01 0.105731780E+01 0.105708737E+01 0.105686413E+01 0.105664594E+01
 0.105643252E+01 0.105622369E+01 0.105601466E+01 0.105580266E+01 0.105558546E+01
 0.105535643E+01 0.105511467E+01 0.105485316E+01 0.105456848E+01 0.105425515E+01
 0.105390758E+01 0.105352061E+01 0.105309108E+01 0.105261070E+01 0.105207677E+01
 0.105148469E+01 0.105083137E+01 0.105011198E+01 0.104932469E+01 0.104846783E+01
 0.104753944E+01 0.104653858E+01 0.104546697E+01 0.104432710E+01 0.104311897E+01
 0.104184999E+01 0.104052226E+01 0.103914368E+01 0.103772031E+01 0.103626204E+01
 0.103477561E+01 0.103327252E+01 0.103175900E+01 0.103024355E+01 0.102872131E+01
 0.105297543E+01 0.105428513E+01 0.105514832E+01 0.105581155E+01 0.105638350E+01
 0.105690155E+01 0.105737262E+01 0.105779065E+01 0.105814577E+01 0.105843014E+01
 0.105863010E+01 0.105873051E+01 0.105872673E+01 0.105863125E+01 0.105846528E+01
 0.105824547E+01 0.105798473E+01 0.105769134E+01 0.105737533E+01 0.105704423E+01
 0.105670613E+01 0.105636734E+01 0.105603463E+01 0.105571360E+01 0.105540677E+01
 0.105511939E+01 0.105485321E+01 0.105461003E+01 0.105438718E+01 0.105418572E+01
 0.105400403E+01 0.105383841E+01 0.105368631E+01 0.105354154E+01 0.105340241E+01
 0.105325988E+01 0.105311136E+01 0.105294857E+01 0.105276689E+01 0.105255793E+01
 0.105231439E+01 0.105202995E+01 0.105169864E+01 0.105131261E+01 0.105086474E+01
 0.105034992E+01 0.104976162E+01 0.104909730E+01 0.104834817E+01 0.104751631E+01
 0.104659520E+01 0.104558440E+01 0.104448580E+01 0.104329925E+01 0.104202609E+01
 0.104067326E+01 0.103924159E+01 0.103774272E+01 0.103618248E+01 0.103457062E+01
 0.103291634E+01 0.103123031E+01 0.102951884E+01 0.102778902E+01 0.102604229E+01
 0.105362791E+01 0.105405552E+01 0.105446938E+01 0.105492248E+01 0.105539933E+01
 0.105588670E+01 0.105636391E+01 0.105681306E+01 0.105722233E+01 0.105758306E+01
 0.105787490E+01 0.105799487E+01 0.105785855E+01 0.105758286E+01 0.105724924E+01
 0.105687081E+01 0.105645781E+01 0.105601592E+01 0.105555389E+01 0.105508318E+01
 0.105461549E+01 0.105415881E+01 0.105372290E+01 0.105331468E+01 0.105294003E+01
 0.105260176E+01 0.105230428E+01 0.105204778E+01 0.105183129E+01 0.105165275E+01
 0.105151179E+01 0.105140248E+01 0.105132203E+01 0.105126149E+01 0.105121739E+01
 0.105118120E+01 0.105114713E+01 0.105110483E+01 0.105104694E+01 0.105096456E+01
 0.105084810E+01 0.105068973E+01 0.105047745E+01 0.105020504E+01 0.104986184E+01
 0.104944164E+01 0.104893453E+01 0.104833486E+01 0.104763512E+01 0.104683212E+01
 0.104592034E+01 0.104489896E+01 0.104376484E+01 0.104252185E+01 0.104116794E+01
 0.103970975E+01 0.103815178E+01 0.103650297E+01 0.103477360E+01 0.103297372E+01
 0.103111692E+01 0.102921673E+01 0.102728824E+01 0.102534330E+01 0.102338334E+01
 0.105455977E+01 0.105372799E+01 0.105366095E+01 0.105394913E+01 0.105441164E+01
 0.105493945E+01 0.105547941E+01 0.105599777E+01 0.105647401E+01 0.105691781E+01
 0.105740600E+01 0.105767253E+01 0.105720337E+01 0.105667291E+01 0.105615627E+01
 0.105560478E+01 0.105500965E+01 0.105438367E+01 0.105374011E+01 0.105309435E+01
 0.105246378E+01 0.105186046E+01 0.105129752E+01 0.105078588E+01 0.105033068E+01
 0.104993735E+01 0.104960540E+01 0.104933930E+01 0.104913592E+01 0.104899375E+01
 0.104890756E+01 0.104887050E+01 0.104888025E+01 0.104892622E+01 0.104900236E+01
 0.104909886E+01 0.104920571E+01 0.104931152E+01 0.104940774E+01 0.104948169E+01
 0.104952158E+01 0.104951608E+01 0.104945452E+01 0.104932232E+01 0.104910941E+01
 0.104880587E+01 0.104840119E+01 0.104788384E+01 0.104724807E+01 0.104648321E+01
 0.104558766E+01 0.104455597E+01 0.104338210E+01 0.104207068E+01 0.104062054E+01
 0.103903515E+01 0.103732350E+01 0.103549030E+01 0.103355056E+01 0.103151600E+01
 0.102940671E+01 0.102724321E+01 0.102505441E+01 0.102287019E+01 0.102072904E+01
 0.105114977E+01 0.105137949E+01 0.105187348E+01 0.105252815E+01 0.105326158E+01
 0.105401039E+01 0.105472673E+01 0.105537203E+01 0.105590774E+01 0.105631664E+01
 0.105655529E+01 0.105656117E+01 0.105629708E+01 0.105582022E+01 0.105519764E+01
 0.105446291E+01 0.105364867E+01 0.105278493E+01 0.105190163E+01 0.105102633E+01
 0.105018669E+01 0.104939928E+01 0.104868151E+01 0.104804563E+01 0.104749674E+01
 0.104704203E+01 0.104667898E+01 0.104641001E+01 0.104623215E+01 0.104613931E+01
 0.104612730E+01 0.104618810E+01 0.104631391E+01 0.104649513E+01 0.104672194E+01
 0.104698306E+01 0.104726682E+01 0.104755754E+01 0.104784477E+01 0.104811302E+01
 0.104834814E+01 0.104853439E+01 0.104865883E+01 0.104870379E+01 0.104865689E+01
 0.104850171E+01 0.104822622E+01 0.104781709E+01 0.104726508E+01 0.104655496E+01
 0.104568573E+01 0.104464547E+01 0.104343232E+01 0.104204373E+01 0.104048146E+01
 0.103874665E+01 0.103684563E+01 0.103478766E+01 0.103258444E+01 0.103025337E+01
 0.102781783E+01 0.102530564E+01 0.102275037E+01 0.102019844E+01 0.101770886E+01
 0.104637901E+01 0.104818433E+01 0.104961951E+01 0.105090503E+01 0.105211388E+01
 0.105324302E+01 0.105426119E+01 0.105512846E+01 0.105580103E+01 0.105625162E+01
 0.105644565E+01 0.105636625E+01 0.105601130E+01 0.105540033E+01 0.105456804E+01
 0.105355598E+01 0.105241738E+01 0.105120953E+01 0.104998881E+01 0.104880172E+01
 0.104768613E+01 0.104666735E+01 0.104576252E+01 0.104498192E+01 0.104433058E+01
 0.104381249E+01 0.104342630E+01 0.104316749E+01 0.104303122E+01 0.104301309E+01
 0.104310262E+01 0.104328969E+01 0.104356762E+01 0.104392023E+01 0.104433756E+01
 0.104480394E+01 0.104530598E+01 0.104582803E+01 0.104635323E+01 0.104686456E+01
 0.104734339E+01 0.104777112E+01 0.104812877E+01 0.104839868E+01 0.104855993E+01
 0.104859568E+01 0.104848941E+01 0.104822118E+01 0.104778017E+01 0.104714985E+01
 0.104632127E+01 0.104528275E+01 0.104403010E+01 0.104255980E+01 0.104086983E+01
 0.103896144E+01 0.103684053E+01 0.103451239E+01 0.103198757E+01 0.102928304E+01
 0.102642461E+01 0.102344514E+01 0.102038463E+01 0.101728198E+01 0.101416704E+01
 0.104405164E+01 0.104597981E+01 0.104776737E+01 0.104953311E+01 0.105126666E+01
 0.105290154E+01 0.105435606E+01 0.105557287E+01 0.105648646E+01 0.105706413E+01
 0.105727836E+01 0.105711325E+01 0.105657678E+01 0.105569405E+01 0.105450073E+01
 0.105303466E+01 0.105136314E+01 0.104960925E+01 0.104789027E+01 0.104627562E+01
 0.104480713E+01 0.104350710E+01 0.104238653E+01 0.104144929E+01 0.104069641E+01
 0.104012437E+01 0.103972867E+01 0.103950391E+01 0.103943857E+01 0.103952456E+01
 0.103975082E+01 0.104010530E+01 0.104057456E+01 0.104114398E+01 0.104179860E+01
 0.104252231E+01 0.104329812E+01 0.104410628E+01 0.104492663E+01 0.104574075E+01
 0.104652367E+01 0.104725393E+01 0.104790672E+01 0.104846005E+01 0.104888914E+01
 0.104917014E+01 0.104928144E+01 0.104920241E+01 0.104891167E+01 0.104839204E+01
 0.104762812E+01 0.104660656E+01 0.104532043E+01 0.104376359E+01 0.104193536E+01
 0.103983551E+01 0.103746662E+01 0.103482877E+01 0.103192599E+01 0.102876196E+01
 0.102536268E+01 0.102177281E+01 0.101805735E+01 0.101429398E+01 0.101053492E+01
 0.104296293E+01 0.104404954E+01 0.104595337E+01 0.104831277E+01 0.105083586E+01
 0.105324326E+01 0.105535587E+01 0.105708576E+01 0.105836031E+01 0.105913303E+01
 0.105939391E+01 0.105910739E+01 0.105828312E+01 0.105697623E+01 0.105527582E+01
 0.105328991E+01 0.105045346E+01 0.104775136E+01 0.104532581E+01 0.104317345E+01
 0.104129577E+01 0.103968804E+01 0.103834627E+01 0.103726218E+01 0.103642518E+01
 0.103582506E+01 0.103545200E+01 0.103529415E+01 0.103533738E+01 0.103557174E+01
 0.103598154E+01 0.103654949E+01 0.103726439E+01 0.103810420E+01 0.103905457E+01
 0.104009493E+01 0.104120691E+01 0.104236818E+01 0.104355500E+01 0.104474485E+01
 0.104590693E+01 0.104701608E+01 0.104804195E+01 0.104895359E+01 0.104972152E+01
 0.105031922E+01 0.105071557E+01 0.105088433E+01 0.105079839E+01 0.105043443E+01
 0.104976967E+01 0.104878792E+01 0.104747567E+01 0.104583019E+01 0.104385109E+01
 0.104154277E+01 0.103891137E+01 0.103596194E+01 0.103267128E+01 0.102896840E+01
 0.102485474E+01 0.102043610E+01 0.101579692E+01 0.101103024E+01 0.100629027E+01
 0.103776870E+01 0.103976921E+01 0.104279051E+01 0.104664042E+01 0.105108730E+01
 0.105492382E+01 0.105758743E+01 0.106030016E+01 0.106206910E+01 0.106276395E+01
 0.106349233E+01 0.106294575E+01 0.106145402E+01 0.105985465E+01 0.105663710E+01
 0.105250505E+01 0.104848745E+01 0.104487758E+01 0.104174700E+01 0.103906802E+01
 0.103680070E+01 0.103491839E+01 0.103339608E+01 0.103220739E+01 0.103133131E+01
 0.103075024E+01 0.103044653E+01 0.103040393E+01 0.103060906E+01 0.103104491E+01
 0.103169309E+01 0.103253778E+01 0.103355628E+01 0.103473065E+01 0.103604080E+01
 0.103746753E+01 0.103898810E+01 0.104058173E+01 0.104221946E+01 0.104387407E+01
 0.104551080E+01 0.104709515E+01 0.104858798E+01 0.104995371E+01 0.105115462E+01
 0.105215600E+01 0.105292204E+01 0.105342093E+01 0.105361606E+01 0.105347225E+01
 0.105295635E+01 0.105204160E+01 0.105071180E+01 0.104896510E+01 0.104680714E+01
 0.104425157E+01 0.104131970E+01 0.103805839E+01 0.103471155E+01 0.103036759E+01
 0.102514467E+01 0.101971493E+01 0.101394962E+01 0.100765656E+01 0.100047089E+01
 0.102835090E+01 0.103251697E+01 0.103714243E+01 0.104260493E+01 0.104921030E+01
 0.105547038E+01 0.105730982E+01 0.106274115E+01 0.106474161E+01 0.106380612E+01
 0.106661156E+01 0.106604827E+01 0.106209533E+01 0.106173133E+01 0.105586837E+01
 0.104969181E+01 0.104454400E+01 0.104020806E+01 0.103655121E+01 0.103347983E+01
 0.103093706E+01 0.102888057E+01 0.102727015E+01 0.102606458E+01 0.102522837E+01
 0.102473284E+01 0.102455978E+01 0.102469291E+01 0.102512026E+01 0.102582170E+01
 0.102678070E+01 0.102797129E+01 0.102937024E+01 0.103095080E+01 0.103269116E+01
 0.103457223E+01 0.103658139E+01 0.103869389E+01 0.104088360E+01 0.104311460E+01
 0.104534631E+01 0.104752880E+01 0.104961185E+01 0.105154824E+01 0.105329255E+01
 0.105480582E+01 0.105604887E+01 0.105698176E+01 0.105756486E+01 0.105775136E+01
 0.105747669E+01 0.105666633E+01 0.105530186E+01 0.105341650E+01 0.105103328E+01
 0.104816252E+01 0.104480831E+01 0.104097139E+01 0.103662309E+01 0.103166809E+01
 0.102608679E+01 0.101998675E+01 0.101341780E+01 0.100644910E+01 0.999459371E+00
 0.101898398E+01 0.102373051E+01 0.102896453E+01 0.103510553E+01 0.104390599E+01
 0.104904449E+01 0.105166966E+01 0.105722429E+01 0.105950723E+01 0.105903499E+01
 0.106161653E+01 0.106100723E+01 0.105716303E+01 0.105615005E+01 0.105182400E+01
 0.104337803E+01 0.103777067E+01 0.103314183E+01 0.102930700E+01 0.102601664E+01
 0.102334464E+01 0.102127661E+01 0.101974027E+01 0.101866352E+01 0.101797004E+01
 0.101762870E+01 0.101764252E+01 0.101801137E+01 0.101872863E+01 0.101977333E+01
 0.102112608E+01 0.102276192E+01 0.102463839E+01 0.102670308E+01 0.102892818E+01
 0.103132289E+01 0.103389231E+01 0.103661924E+01 0.103947495E+01 0.104242469E+01
 0.104541291E+01 0.104837172E+01 0.105120878E+01 0.105384801E+01 0.105625749E+01
 0.105840509E+01 0.106024683E+01 0.106173375E+01 0.106283159E+01 0.106352720E+01
 0.106401350E+01 0.106335429E+01 0.106154276E+01 0.105944864E+01 0.105681522E+01
 0.105359856E+01 0.104978317E+01 0.104536136E+01 0.104032828E+01 0.103468579E+01
 0.102844625E+01 0.102163617E+01 0.101426478E+01 0.100624554E+01 0.997446010E+00
 0.100983547E+01 0.101332696E+01 0.101804660E+01 0.102395481E+01 0.103066447E+01
 0.103643050E+01 0.104053368E+01 0.104450607E+01 0.104713475E+01 0.104829512E+01
 0.104932900E+01 0.104863148E+01 0.104653980E+01 0.104401652E+01 0.103920304E+01
 0.103312527E+01 0.102762897E+01 0.102304926E+01 0.101929576E+01 0.101613365E+01
 0.101364043E+01 0.101181396E+01 0.101061286E+01 0.100999919E+01 0.100957721E+01
 0.100931029E+01 0.100952509E+01 0.101019134E+01 0.101126728E+01 0.101273001E+01
 0.101456794E+01 0.101678470E+01 0.101938748E+01 0.102230773E+01 0.102465695E+01
 0.102755647E+01 0.103075164E+01 0.103419459E+01 0.103784792E+01 0.104167662E+01
 0.104564884E+01 0.104973489E+01 0.105386749E+01 0.105698459E+01 0.106015210E+01
 0.106309240E+01 0.106569076E+01 0.106785983E+01 0.106953027E+01 0.107064403E+01
 0.107111354E+01 0.107069020E+01 0.106935305E+01 0.106727725E+01 0.106447830E+01
 0.106094374E+01 0.105666787E+01 0.105166180E+01 0.104594339E+01 0.103954667E+01
 0.103251709E+01 0.102490106E+01 0.101675533E+01 0.100820238E+01 0.999681456E+00
 0.996477503E+00 0.999120491E+00 0.100338279E+01 0.100908339E+01 0.101770669E+01
 0.102280766E+01 0.102547395E+01 0.103113042E+01 0.103355660E+01 0.103325733E+01
 0.103604797E+01 0.103567182E+01 0.103209005E+01 0.103136950E+01 0.102736324E+01
 0.101926868E+01 0.101403554E+01 0.100978818E+01 0.100636909E+01 0.100367560E+01
 0.100164411E+01 0.100023523E+01 0.999420824E+00 0.999153448E+00 0.999125271E+00
 0.999307932E+00 0.999951560E+00 0.100105048E+01 0.100257670E+01 0.100451122E+01
 0.100684599E+01 0.100958384E+01 0.101271282E+01 0.101598937E+01 0.101929455E+01
 0.102292917E+01 0.102690883E+01 0.103119950E+01 0.103577165E+01 0.104059332E+01
 0.104563068E+01 0.105082680E+01 0.105589987E+01 0.106053763E+01 0.106494151E+01
 0.106903525E+01 0.107267554E+01 0.107573975E+01 0.107813290E+01 0.107977091E+01
 0.108057077E+01 0.108046881E+01 0.107943018E+01 0.107744861E+01 0.107452414E+01
 0.107066355E+01 0.106588019E+01 0.106019770E+01 0.105366140E+01 0.104634505E+01
 0.103834111E+01 0.102974557E+01 0.102062090E+01 0.101091996E+01 0.100053261E+01
 0.976671113E+00 0.980219725E+00 0.984511729E+00 0.989823834E+00 0.996415052E+00
 0.100275565E+01 0.100475973E+01 0.101043022E+01 0.101273348E+01 0.101216663E+01
 0.101539456E+01 0.101530185E+01 0.101186879E+01 0.101208012E+01 0.100684950E+01
 0.100139232E+01 0.997057096E+00 0.993624624E+00 0.990947618E+00 0.988931169E+00
 0.987509495E+00 0.986632818E+00 0.986256715E+00 0.986329304E+00 0.986802401E+00
 0.987657396E+00 0.988902892E+00 0.990550048E+00 0.992600146E+00 0.995047324E+00
 0.997885550E+00 0.100109978E+01 0.100466585E+01 0.100855248E+01 0.101275257E+01
 0.101728493E+01 0.102217330E+01 0.102742005E+01 0.103301944E+01 0.103895396E+01
 0.104518077E+01 0.105162928E+01 0.105817905E+01 0.106467618E+01 0.107092166E+01
 0.107667545E+01 0.108172187E+01 0.108595824E+01 0.108933012E+01 0.109174809E+01
 0.109311307E+01 0.109339992E+01 0.109261193E+01 0.109070298E+01 0.108761334E+01
 0.108335397E+01 0.107796699E+01 0.107145061E+01 0.106381942E+01 0.105521595E+01
 0.104587721E+01 0.103603186E+01 0.102582920E+01 0.101541763E+01 0.100521856E+01
 0.106041877E+01 0.113183787E+01 0.117647197E+01 0.121236644E+01 0.124389811E+01
 0.127282163E+01 0.130003602E+01 0.132607003E+01 0.135127008E+01 0.137587947E+01
 0.140007509E+01 0.142399168E+01 0.144773549E+01 0.147139522E+01 0.149504448E+01
 0.151874612E+01 0.154255502E+01 0.156651919E+01 0.159068337E+01 0.161508877E+01
 0.163977309E+01 0.166477321E+01 0.169012517E+01 0.171586158E+01 0.174201782E+01
 0.176862740E+01 0.179572243E+01 0.182333956E+01 0.185150959E+01 0.188027144E+01
 0.190965828E+01 0.193970946E+01 0.197046241E+01 0.200195789E+01 0.203423820E+01
 0.206734668E+01 0.210133105E+01 0.213624001E+01 0.217212678E+01 0.220904860E+01
 0.224706307E+01 0.228623977E+01 0.232663813E+01 0.236834651E+01 0.241142240E+01
 0.245597487E+01 0.250207194E+01 0.254982728E+01 0.259933329E+01 0.265069595E+01
 0.270403944E+01 0.275944909E+01 0.281709436E+01 0.287705240E+01 0.293952793E+01
 0.300469721E+01 0.307263901E+01 0.314397292E+01 0.321891318E+01 0.329808021E+01
 0.338222511E+01 0.347260210E+01 0.356837608E+01 0.366941700E+01 0.377559993E+01
   89   44
 0.111594243E+01-0.224873512E-01 0.111760126E+01-0.126008449E-04 0.111661015E+01
 0.225400241E-01 0.111318371E+01 0.437416303E-01 0.110772308E+01 0.634225760E-01
 0.110062374E+01 0.814969415E-01 0.109222805E+01 0.979368045E-01 0.108284344E+01
 0.112763072E+00 0.107274963E+01 0.126042569E+00 0.106215524E+01 0.137842733E+00
 0.105125265E+01 0.148259257E+00 0.104017666E+01 0.157364886E+00 0.102908152E+01
 0.165292552E+00 0.101805554E+01 0.172123028E+00 0.100717020E+01 0.177927291E+00
 0.996519963E+00 0.182854982E+00 0.986146971E+00 0.186985398E+00 0.976081449E+00
 0.190382364E+00 0.966350753E+00 0.193116297E+00 0.956977330E+00 0.195265289E+00
 0.947975645E+00 0.196905914E+00 0.939351579E+00 0.198099025E+00 0.931106558E+00
 0.198906812E+00 0.923237136E+00 0.199379879E+00 0.915341835E+00 0.199560978E+00
 0.907013788E+00 0.199437910E+00 0.898240698E+00 0.198959027E+00 0.889014261E+00
 0.198058903E+00 0.879332177E+00 0.196661142E+00 0.869197227E+00 0.194690031E+00
 0.858625772E+00 0.192043154E+00 0.847645982E+00 0.188615105E+00 0.836296632E+00
 0.184303132E+00 0.824625457E+00 0.179009430E+00 0.812675067E+00 0.172660517E+00
 0.800582105E+00 0.165056829E+00 0.788442692E+00 0.156110847E+00 0.776383244E+00
 0.145717808E+00 0.764579931E+00 0.133752547E+00 0.753231595E+00 0.120111032E+00
 0.742578589E+00 0.104699521E+00 0.732917107E+00 0.874398776E-01 0.724604668E+00
 0.682868324E-01 0.718030725E+00 0.472567362E-01 0.713651838E+00 0.244308240E-01
 0.712018463E+00-0.126008449E-04 0.713494287E+00-0.244744006E-01 0.717753235E+00
-0.473458577E-01 0.724223975E+00-0.684429347E-01 0.732428822E+00-0.876894471E-01
 0.741979337E+00-0.105072058E+00 0.752550349E+00-0.120617593E+00 0.763850796E+00
-0.134392488E+00 0.775637760E+00-0.146482790E+00 0.787713353E+00-0.156980793E+00
 0.799884133E+00-0.166021363E+00 0.812025669E+00-0.173699933E+00 0.824033503E+00
-0.180109281E+00 0.835769608E+00-0.185445636E+00 0.847191158E+00-0.189775261E+00
 0.858247733E+00-0.193192069E+00 0.868893149E+00-0.195810806E+00 0.879096246E+00
-0.197743202E+00 0.888841726E+00-0.199082684E+00 0.898121453E+00-0.199933424E+00
 0.906943312E+00-0.200329548E+00 0.915310685E+00-0.200373574E+00 0.923237136E+00
-0.200099341E+00 0.931130025E+00-0.199525191E+00 0.939390632E+00-0.198604348E+00
 0.948019995E+00-0.197284142E+00 0.957013232E+00-0.195498280E+00 0.966361041E+00
-0.193187582E+00 0.976045099E+00-0.190276599E+00 0.986039140E+00-0.186690073E+00
 0.996311583E+00-0.182360199E+00 0.100683604E+01-0.177244067E+00 0.101755766E+01
-0.171244373E+00 0.102838851E+01-0.164235433E+00 0.103927012E+01-0.156170067E+00
 0.105010849E+01-0.146959257E+00 0.106077949E+01-0.136502707E+00 0.107116642E+01
-0.124732949E+00 0.108109929E+01-0.111555882E+00 0.109047006E+01-0.969430528E-01
 0.109887558E+01-0.807188594E-01 0.110613663E+01-0.629022772E-01 0.111196887E+01
-0.434869915E-01 0.111594243E+01-0.224873512E-01
 0.711000000E+02 0.330000000E+01 0.711000000E+02 0.970000000E+01 0.730000000E+02
 0.161000000E+02 0.768000000E+02 0.226000000E+02 0.805000000E+02 0.291000000E+02
 0.843000000E+02 0.356000000E+02 0.880000000E+02 0.422000000E+02 0.935000000E+02
 0.455000000E+02 0.100500000E+03 0.455000000E+02 0.104500000E+03 0.480000000E+02
 0.105600000E+03 0.531000000E+02 0.108100000E+03 0.538000000E+02 0.112100000E+03
 0.499000000E+02 0.117100000E+03 0.485000000E+02 0.123000000E+03 0.496000000E+02
 0.125300000E+03 0.462000000E+02 0.124700000E+03 0.384000000E+02 0.124700000E+03
 0.297000000E+02 0.125400000E+03 0.222000000E+02 0.126600000E+03 0.174000000E+02
 0.127900000E+03 0.125000000E+02 0.128500000E+03 0.510000000E+01 0.128500000E+03
-0.520000000E+01 0.127800000E+03-0.128000000E+02 0.126500000E+03-0.176000000E+02
 0.125300000E+03-0.223000000E+02 0.124700000E+03-0.284000000E+02 0.124700000E+03
-0.359000000E+02 0.124700000E+03-0.419000000E+02 0.124900000E+03-0.470000000E+02
 0.122200000E+03-0.493000000E+02 0.116700000E+03-0.484000000E+02 0.112000000E+03
-0.500000000E+02 0.107900000E+03-0.541000000E+02 0.104800000E+03-0.508000000E+02
 0.100000000E+03-0.455000000E+02 0.931000000E+02-0.455000000E+02 0.881000000E+02
-0.423000000E+02 0.837000000E+02-0.347000000E+02 0.787000000E+02-0.260000000E+02
 0.737000000E+02-0.173000000E+02 0.711000000E+02-0.910000000E+01 0.711000000E+02
-0.270000000E+01 0.711000000E+02 0.330000000E+01
