 disr    860     msec    nw      nh      vde       0  65  65
 0.700000000E+00 0.128000000E+01 0.100000000E+01 0.640000000E+00 0.000000000E+00
 0.951677747E+00 0.106301375E-04 0.266283869E+00 0.129094502E+00 0.300000000E+01
 0.794327312E+06 0.266283869E+00 0.000000000E+00 0.951677747E+00 0.000000000E+00
 0.106301375E-04 0.000000000E+00 0.129094502E+00 0.000000000E+00 0.000000000E+00
 0.332480380E+01 0.331118421E+01 0.329861552E+01 0.328672434E+01 0.327535628E+01
 0.326442989E+01 0.325389273E+01 0.324370802E+01 0.323384855E+01 0.322429315E+01
 0.321502473E+01 0.320602921E+01 0.319729473E+01 0.318881119E+01 0.318056988E+01
 0.317256314E+01 0.316478423E+01 0.315722710E+01 0.314988639E+01 0.314275722E+01
 0.313583515E+01 0.312911616E+01 0.312259657E+01 0.311627292E+01 0.311014213E+01
 0.310420125E+01 0.309844756E+01 0.309287856E+01 0.308749182E+01 0.308228515E+01
 0.307725641E+01 0.307240362E+01 0.306772487E+01 0.306321837E+01 0.305888238E+01
 0.305471524E+01 0.305071535E+01 0.304688115E+01 0.304321114E+01 0.303970384E+01
 0.303635781E+01 0.303317161E+01 0.303014385E+01 0.302727305E+01 0.302455786E+01
 0.302199671E+01 0.301958827E+01 0.301733084E+01 0.301522293E+01 0.301326280E+01
 0.301144847E+01 0.300977845E+01 0.300824998E+01 0.300686129E+01 0.300560956E+01
 0.300449158E+01 0.300350419E+01 0.300264723E+01 0.300192125E+01 0.300132283E+01
 0.300084780E+01 0.300051042E+01 0.300027033E+01 0.300010678E+01 0.300000000E+01
 0.500763315E+04 0.496400101E+04 0.491763372E+04 0.486953654E+04 0.482005698E+04
 0.476937711E+04 0.471760910E+04 0.466482709E+04 0.461108561E+04 0.455642475E+04
 0.450087444E+04 0.444445541E+04 0.438718113E+04 0.432906180E+04 0.427010562E+04
 0.421031764E+04 0.414969906E+04 0.408824981E+04 0.402596795E+04 0.396284945E+04
 0.389888720E+04 0.383407380E+04 0.376840169E+04 0.370185830E+04 0.363443235E+04
 0.356611053E+04 0.349687701E+04 0.342671843E+04 0.335561379E+04 0.328354676E+04
 0.321049560E+04 0.313644077E+04 0.306135799E+04 0.298522312E+04 0.290800963E+04
 0.282969015E+04 0.275023792E+04 0.266962213E+04 0.258781010E+04 0.250476769E+04
 0.242045685E+04 0.233484133E+04 0.224787005E+04 0.215950547E+04 0.206968403E+04
 0.197836441E+04 0.188548083E+04 0.179099505E+04 0.169482943E+04 0.159690877E+04
 0.149716312E+04 0.139546360E+04 0.129175355E+04 0.118585818E+04 0.107764665E+04
 0.966983241E+03 0.853708823E+03 0.737502146E+03 0.618590587E+03 0.493295230E+03
 0.361608962E+03 0.240717534E+03 0.140039912E+03 0.685389537E+02 0.347484972E+02
 0.232271081E+02 0.202233181E+02 0.188925513E+02 0.179258801E+02 0.171316531E+02
 0.164420009E+02 0.158253944E+02 0.152614152E+02 0.147382529E+02 0.142480244E+02
 0.137850058E+02 0.133449469E+02 0.129245805E+02 0.125213404E+02 0.121331886E+02
 0.117583697E+02 0.113955845E+02 0.110437024E+02 0.107017126E+02 0.103686157E+02
 0.100438834E+02 0.972684644E+01 0.941672358E+01 0.911330383E+01 0.881593155E+01
 0.852426417E+01 0.823812938E+01 0.795677775E+01 0.768041967E+01 0.740833731E+01
 0.714066827E+01 0.687694872E+01 0.661711320E+01 0.636089746E+01 0.610819081E+01
 0.585884260E+01 0.561272007E+01 0.536969397E+01 0.512968573E+01 0.489252030E+01
 0.465825539E+01 0.442666405E+01 0.419786200E+01 0.397167568E+01 0.374810450E+01
 0.352735055E+01 0.330905685E+01 0.309364607E+01 0.288080221E+01 0.267078537E+01
 0.246436088E+01 0.225999051E+01 0.206059640E+01 0.186346722E+01 0.167077036E+01
 0.148325474E+01 0.129743620E+01 0.111981196E+01 0.944387622E+00 0.764615937E+00
 0.574576505E+00 0.386114245E+00 0.243404763E+00 0.121219413E+00-0.000000000E+00
 0.195882738E+05 0.211566928E+05 0.221002025E+05 0.228060701E+05 0.234015541E+05
 0.239314840E+05 0.244206669E+05 0.248801955E+05 0.253178248E+05 0.257396032E+05
 0.261494318E+05 0.265516819E+05 0.269485000E+05 0.273402858E+05 0.277281653E+05
 0.281180626E+05 0.285065788E+05 0.288938936E+05 0.292819024E+05 0.296768357E+05
 0.300719372E+05 0.304689054E+05 0.308758912E+05 0.312833434E+05 0.316993076E+05
 0.321226447E+05 0.325467069E+05 0.329889207E+05 0.334299641E+05 0.338888214E+05
 0.343506336E+05 0.348263370E+05 0.353112711E+05 0.358091908E+05 0.363196796E+05
 0.368420069E+05 0.373787876E+05 0.379291243E+05 0.384949638E+05 0.390810023E+05
 0.396780540E+05 0.403038520E+05 0.409334747E+05 0.416135250E+05 0.422857126E+05
 0.430192789E+05 0.437496646E+05 0.445247056E+05 0.453204194E+05 0.461448956E+05
 0.470479840E+05 0.479420857E+05 0.489587883E+05 0.499814691E+05 0.510877044E+05
 0.523066368E+05 0.535145374E+05 0.548688229E+05 0.562268540E+05 0.574732083E+05
 0.585076650E+05 0.595335366E+05 0.442977373E+05 0.220609722E+05-0.000000000E+00
-0.743816680E-02-0.107731579E-01-0.144466818E-01-0.185450204E-01-0.231863296E-01
-0.275354683E-01-0.293695182E-01-0.330439775E-01-0.347388413E-01-0.347281256E-01
-0.366451390E-01-0.366261011E-01-0.346654069E-01-0.345681276E-01-0.314003737E-01
-0.280015950E-01-0.251151785E-01-0.226255078E-01-0.204566403E-01-0.185575428E-01
-0.168935344E-01-0.154392987E-01-0.141812248E-01-0.131190718E-01-0.122573741E-01
-0.115848866E-01-0.110738854E-01-0.106980251E-01-0.104427666E-01-0.102998433E-01
-0.102657874E-01-0.103437374E-01-0.105450623E-01-0.108876004E-01-0.113767701E-01
-0.119942963E-01-0.127218763E-01-0.135491513E-01-0.144720465E-01-0.154938274E-01
-0.166225917E-01-0.178771302E-01-0.192856260E-01-0.208693915E-01-0.226320070E-01
-0.245745813E-01-0.267061258E-01-0.290375599E-01-0.315805327E-01-0.343489500E-01
-0.373551648E-01-0.406072420E-01-0.441141739E-01-0.478915054E-01-0.519565692E-01
-0.563242157E-01-0.610083470E-01-0.660294800E-01-0.714104425E-01-0.771711156E-01
-0.833348306E-01-0.899326409E-01-0.969961383E-01-0.104477054E+00-0.111861954E+00
-0.675020962E-02-0.103407992E-01-0.142956910E-01-0.187183504E-01-0.245066772E-01
-0.281942253E-01-0.303936519E-01-0.340686697E-01-0.358434689E-01-0.359995353E-01
-0.377060600E-01-0.375674060E-01-0.355644228E-01-0.350077655E-01-0.325571168E-01
-0.277838813E-01-0.244767526E-01-0.216239092E-01-0.191473770E-01-0.169900445E-01
-0.151026604E-01-0.134405629E-01-0.119628493E-01-0.106624438E-01-0.971263860E-02
-0.910037088E-02-0.862041164E-02-0.824550812E-02-0.797566979E-02-0.780697689E-02
-0.773272919E-02-0.774092646E-02-0.783023318E-02-0.814307769E-02-0.878212035E-02
-0.953739825E-02-0.103649841E-01-0.112720249E-01-0.122647363E-01-0.133438962E-01
-0.145053952E-01-0.157525345E-01-0.172077674E-01-0.190424392E-01-0.210561016E-01
-0.231938816E-01-0.254772785E-01-0.279331960E-01-0.306009971E-01-0.335089065E-01
-0.366511802E-01-0.400280422E-01-0.436563541E-01-0.475563138E-01-0.517497610E-01
-0.562547683E-01-0.610889597E-01-0.662701226E-01-0.718215963E-01-0.777716106E-01
-0.841550156E-01-0.910179510E-01-0.984312982E-01-0.106595327E+00-0.115762879E+00
-0.531256602E-02-0.890138199E-02-0.128753991E-01-0.172767378E-01-0.219394801E-01
-0.259320542E-01-0.288746065E-01-0.316063180E-01-0.334766998E-01-0.344226042E-01
-0.351769825E-01-0.348702699E-01-0.336931258E-01-0.321761064E-01-0.293093776E-01
-0.256627675E-01-0.222498102E-01-0.192621541E-01-0.166777808E-01-0.144395094E-01
-0.124870367E-01-0.107661712E-01-0.922206044E-02-0.761262101E-02-0.664621761E-02
-0.627240685E-02-0.580130511E-02-0.542480268E-02-0.515436737E-02-0.498867172E-02
-0.491949068E-02-0.492672601E-02-0.497955020E-02-0.514254960E-02-0.604161333E-02
-0.687395535E-02-0.776453094E-02-0.873620312E-02-0.979832703E-02-0.109516495E-01
-0.121847611E-01-0.134736961E-01-0.148369328E-01-0.169898477E-01-0.191471208E-01
-0.213956577E-01-0.237627918E-01-0.261827677E-01-0.289550883E-01-0.320225181E-01
-0.352773220E-01-0.387224607E-01-0.424012460E-01-0.463554354E-01-0.506258194E-01
-0.552273948E-01-0.601605977E-01-0.654344967E-01-0.710724199E-01-0.771070873E-01
-0.835793443E-01-0.905315101E-01-0.979944263E-01-0.105894421E+00-0.113687038E+00
-0.299694489E-02-0.637707598E-02-0.101648476E-01-0.144402056E-01-0.200894090E-01
-0.236424704E-01-0.257095772E-01-0.292537497E-01-0.308986833E-01-0.309253459E-01
-0.325026466E-01-0.322333262E-01-0.300960802E-01-0.293973806E-01-0.267901074E-01
-0.218403115E-01-0.183511848E-01-0.153992197E-01-0.129528674E-01-0.108571889E-01
-0.902292305E-02-0.741608541E-02-0.602157723E-02-0.484419971E-02-0.389705100E-02
-0.316945373E-02-0.262243496E-02-0.222680712E-02-0.196677135E-02-0.183388505E-02
-0.182558637E-02-0.194486594E-02-0.220643203E-02-0.263868074E-02-0.324943441E-02
-0.401486426E-02-0.491031874E-02-0.592493277E-02-0.705760622E-02-0.831113326E-02
-0.969377234E-02-0.112257353E-01-0.129414741E-01-0.148608074E-01-0.169681315E-01
-0.192430234E-01-0.216790980E-01-0.242856472E-01-0.270918503E-01-0.301162740E-01
-0.333426040E-01-0.367548589E-01-0.403488686E-01-0.441712697E-01-0.485045331E-01
-0.532530420E-01-0.582589372E-01-0.635501563E-01-0.691700078E-01-0.751640946E-01
-0.815814581E-01-0.884805914E-01-0.959428723E-01-0.104171380E+00-0.113419365E+00
 0.327687139E-03-0.272286927E-02-0.612510882E-02-0.995656550E-02-0.143331806E-01
-0.184190761E-01-0.199906136E-01-0.234044068E-01-0.248404298E-01-0.245729126E-01
-0.262351227E-01-0.259621149E-01-0.237458529E-01-0.233858038E-01-0.199352934E-01
-0.162058122E-01-0.126952780E-01-0.100856469E-01-0.813659538E-02-0.635717872E-02
-0.474254246E-02-0.331424137E-02-0.207425325E-02-0.102193736E-02-0.154057329E-03
 0.536340513E-03 0.105972906E-02 0.142843199E-02 0.165106614E-02 0.173327854E-02
 0.167699988E-02 0.148088133E-02 0.114023085E-02 0.651441734E-03 0.122929655E-04
-0.772519644E-03-0.169841394E-02-0.276135698E-02-0.395995051E-02-0.529707490E-02
-0.677912055E-02-0.841495830E-02-0.102148082E-01-0.121848537E-01-0.143268964E-01
-0.166406218E-01-0.191270358E-01-0.217903603E-01-0.246371823E-01-0.276713458E-01
-0.308912656E-01-0.342898917E-01-0.378509723E-01-0.413996810E-01-0.459088014E-01
-0.506265172E-01-0.555513201E-01-0.607244091E-01-0.661891176E-01-0.719889820E-01
-0.781757694E-01-0.848132512E-01-0.919604464E-01-0.995753988E-01-0.107142023E+00
 0.449322106E-02 0.188683503E-02-0.910165747E-03-0.392829217E-02-0.710379098E-02
-0.980994384E-02-0.117540248E-01-0.136161381E-01-0.148563681E-01-0.154151698E-01
-0.158937960E-01-0.155904135E-01-0.146823131E-01-0.136246829E-01-0.116013123E-01
-0.905837950E-02-0.667527522E-02-0.457152925E-02-0.275486516E-02-0.116663351E-02
 0.237289825E-03 0.147389614E-02 0.254830122E-02 0.346315517E-02 0.422030646E-02
 0.482264828E-02 0.527435880E-02 0.557858598E-02 0.573945847E-02 0.575931839E-02
 0.563898161E-02 0.537751490E-02 0.497423746E-02 0.442859101E-02 0.373902726E-02
 0.290667984E-02 0.193124829E-02 0.813820263E-03-0.446363646E-03-0.185120903E-02
-0.340491827E-02-0.511073158E-02-0.697388682E-02-0.899862007E-02-0.111879477E-01
-0.135433505E-01-0.160683076E-01-0.187666015E-01-0.216407879E-01-0.246955812E-01
-0.279352395E-01-0.313678215E-01-0.350087921E-01-0.388890900E-01-0.430410355E-01
-0.474665338E-01-0.521478948E-01-0.570767787E-01-0.622591226E-01-0.677086903E-01
-0.734524675E-01-0.795691022E-01-0.862663061E-01-0.937520280E-01-0.102419224E+00
 0.903363768E-02 0.699065705E-02 0.490487365E-02 0.281335533E-02 0.802354156E-03
-0.101152344E-02-0.254758109E-02-0.377368485E-02-0.465364808E-02-0.517040249E-02
-0.532699563E-02-0.510998693E-02-0.453204709E-02-0.362349247E-02-0.241079000E-02
-0.982575978E-03 0.525087236E-03 0.200395192E-02 0.339445434E-02 0.467069611E-02
 0.582360708E-02 0.684968420E-02 0.774587951E-02 0.851049328E-02 0.914058428E-02
 0.963536739E-02 0.999375056E-02 0.102160893E-01 0.103016506E-01 0.102503541E-01
 0.100621919E-01 0.973590615E-02 0.926986825E-02 0.866384510E-02 0.791721334E-02
 0.702845192E-02 0.599736104E-02 0.482310025E-02 0.350406229E-02 0.203895737E-02
 0.425227126E-03-0.133912456E-02-0.325720711E-02-0.533171898E-02-0.756453341E-02
-0.995883688E-02-0.125166422E-01-0.152412255E-01-0.181347506E-01-0.212020306E-01
-0.244470067E-01-0.278768405E-01-0.315001549E-01-0.353264854E-01-0.393631970E-01
-0.436126438E-01-0.480720739E-01-0.527352563E-01-0.575954199E-01-0.626384179E-01
-0.678274284E-01-0.730196169E-01-0.788465702E-01-0.852290608E-01-0.912421438E-01
 0.136377246E-01 0.121648203E-01 0.106839150E-01 0.923881004E-02 0.787933249E-02
 0.665851156E-02 0.562260843E-02 0.480810777E-02 0.424192731E-02 0.394144733E-02
 0.391341875E-02 0.415177197E-02 0.462325275E-02 0.527074362E-02 0.605570204E-02
 0.696218176E-02 0.795468666E-02 0.898331547E-02 0.100015367E-01 0.109751530E-01
 0.118802971E-01 0.126990276E-01 0.134208553E-01 0.140356314E-01 0.145375513E-01
 0.149203595E-01 0.151805128E-01 0.153151377E-01 0.153206375E-01 0.151951151E-01
 0.149371574E-01 0.145441296E-01 0.140142608E-01 0.133467016E-01 0.125399335E-01
 0.115921080E-01 0.105030488E-01 0.927078684E-02 0.789394288E-02 0.637164906E-02
 0.470204147E-02 0.288415492E-02 0.915954970E-03-0.120434826E-02-0.347867185E-02
-0.590777408E-02-0.849395814E-02-0.112389833E-01-0.141446078E-01-0.172131650E-01
-0.204471235E-01-0.238484473E-01-0.274223095E-01-0.311690087E-01-0.350900775E-01
-0.391839186E-01-0.434458541E-01-0.478692600E-01-0.524443688E-01-0.571595610E-01
-0.620046429E-01-0.669814522E-01-0.720909003E-01-0.772608631E-01-0.823566412E-01
 0.183140364E-01 0.172862215E-01 0.162711362E-01 0.153031062E-01 0.144137146E-01
 0.136341342E-01 0.129926915E-01 0.125132274E-01 0.122162742E-01 0.121191639E-01
 0.122383676E-01 0.125992014E-01 0.133895456E-01 0.138815263E-01 0.141045746E-01
 0.146491381E-01 0.153213169E-01 0.160583757E-01 0.168160841E-01 0.175603037E-01
 0.182654144E-01 0.189111116E-01 0.194817782E-01 0.199646294E-01 0.203499642E-01
 0.206297279E-01 0.207973596E-01 0.208473901E-01 0.207754736E-01 0.205771637E-01
 0.202504579E-01 0.197913725E-01 0.191981462E-01 0.184689275E-01 0.176008946E-01
 0.165934386E-01 0.154452214E-01 0.141537343E-01 0.127197614E-01 0.111409664E-01
 0.941683538E-02 0.754706801E-02 0.552969894E-02 0.336400703E-02 0.105022492E-02
-0.141318989E-02-0.402634163E-02-0.678963436E-02-0.970394082E-02-0.127690699E-01
-0.159860271E-01-0.193539409E-01-0.228725700E-01-0.265412747E-01-0.303555326E-01
-0.343123533E-01-0.384043199E-01-0.426231761E-01-0.469574613E-01-0.513943840E-01
-0.559173344E-01-0.605054766E-01-0.651289041E-01-0.697433581E-01-0.743014760E-01
 0.230079402E-01 0.223008359E-01 0.216445739E-01 0.210503147E-01 0.205324027E-01
 0.201057276E-01 0.197846891E-01 0.195828590E-01 0.195114580E-01 0.195799395E-01
 0.197963168E-01 0.201658499E-01 0.206591118E-01 0.211176534E-01 0.215141441E-01
 0.219800758E-01 0.225219181E-01 0.231105000E-01 0.237169002E-01 0.243152668E-01
 0.248835807E-01 0.254037800E-01 0.258605864E-01 0.262397891E-01 0.265308388E-01
 0.267241000E-01 0.268124278E-01 0.267882481E-01 0.266462441E-01 0.263817619E-01
 0.259901114E-01 0.254685708E-01 0.248138755E-01 0.240234502E-01 0.230952383E-01
 0.220276053E-01 0.208190279E-01 0.194690489E-01 0.179759692E-01 0.163400325E-01
 0.145600674E-01 0.126361506E-01 0.105682247E-01 0.835608024E-02 0.600014841E-02
 0.350065947E-02 0.858195145E-03-0.192576718E-02-0.485150499E-02-0.791626292E-02
-0.111197028E-01-0.144591020E-01-0.179314860E-01-0.215334108E-01-0.252595826E-01
-0.291037190E-01-0.330577041E-01-0.371112539E-01-0.412521582E-01-0.454644579E-01
-0.497295932E-01-0.540232666E-01-0.583126795E-01-0.625590677E-01-0.667123661E-01
 0.275193658E-01 0.271111963E-01 0.267782582E-01 0.265137655E-01 0.263197257E-01
 0.262010933E-01 0.261626498E-01 0.262076130E-01 0.263374820E-01 0.265508320E-01
 0.268447727E-01 0.272117271E-01 0.276346226E-01 0.280905831E-01 0.285687128E-01
 0.290707299E-01 0.295957964E-01 0.301354576E-01 0.306755090E-01 0.311993432E-01
 0.316905714E-01 0.321342566E-01 0.325169057E-01 0.328252282E-01 0.330487787E-01
 0.331780301E-01 0.332042053E-01 0.331201855E-01 0.329197647E-01 0.325973834E-01
 0.321486268E-01 0.315692649E-01 0.308567954E-01 0.300073785E-01 0.290195349E-01
 0.278917798E-01 0.266224376E-01 0.252116901E-01 0.236575688E-01 0.219606838E-01
 0.201215125E-01 0.181404426E-01 0.160172520E-01 0.137532681E-01 0.113504017E-01
 0.880923653E-02 0.613141403E-02 0.331963241E-02 0.375059486E-03-0.269836866E-02
-0.589907646E-02-0.922192711E-02-0.126631757E-01-0.162179446E-01-0.198791854E-01
-0.236401426E-01-0.274918459E-01-0.314233329E-01-0.354225319E-01-0.394740516E-01
-0.435607775E-01-0.476612913E-01-0.517498267E-01-0.557936550E-01-0.597486305E-01
 0.317104156E-01 0.316711027E-01 0.316763914E-01 0.317330811E-01 0.318463430E-01
 0.320207583E-01 0.322578240E-01 0.325526599E-01 0.328917644E-01 0.332590091E-01
 0.336517017E-01 0.340777497E-01 0.345406835E-01 0.350362994E-01 0.355564981E-01
 0.360936789E-01 0.366391271E-01 0.371821810E-01 0.377116797E-01 0.382146838E-01
 0.386784652E-01 0.390899163E-01 0.394361960E-01 0.397068538E-01 0.398914856E-01
 0.399799661E-01 0.399641809E-01 0.398370903E-01 0.395914678E-01 0.392222745E-01
 0.387243991E-01 0.380932714E-01 0.373262276E-01 0.364207208E-01 0.353746187E-01
 0.341861192E-01 0.328543327E-01 0.313792457E-01 0.297603397E-01 0.279983739E-01
 0.260942587E-01 0.240488235E-01 0.218635741E-01 0.195404854E-01 0.170815502E-01
 0.144895830E-01 0.117663880E-01 0.891612256E-02 0.594090473E-02 0.284487530E-02
-0.367504997E-03-0.369125329E-02-0.712110908E-02-0.106515532E-01-0.142753163E-01
-0.179844391E-01-0.217699153E-01-0.256215362E-01-0.295287469E-01-0.334781799E-01
-0.374560849E-01-0.414476456E-01-0.454380504E-01-0.494141326E-01-0.533707214E-01
 0.357685055E-01 0.360759345E-01 0.364042560E-01 0.367671192E-01 0.371741103E-01
 0.376351201E-01 0.381598675E-01 0.387566791E-01 0.393946281E-01 0.399202030E-01
 0.403550775E-01 0.408300849E-01 0.413576278E-01 0.419231108E-01 0.425124186E-01
 0.431127804E-01 0.437114235E-01 0.442976123E-01 0.448588527E-01 0.453836365E-01
 0.458605461E-01 0.462775502E-01 0.466237998E-01 0.468880288E-01 0.470609461E-01
 0.471329288E-01 0.470961727E-01 0.469425256E-01 0.466660029E-01 0.462613090E-01
 0.457226211E-01 0.450461994E-01 0.442293673E-01 0.432697907E-01 0.421645492E-01
 0.409136842E-01 0.395163878E-01 0.379725843E-01 0.362829901E-01 0.344489413E-01
 0.324717778E-01 0.303530988E-01 0.280966422E-01 0.257031123E-01 0.231772708E-01
 0.205218463E-01 0.177400157E-01 0.148360343E-01 0.118149414E-01 0.868029165E-02
 0.543779940E-02 0.209299021E-02-0.134829688E-02-0.487953810E-02-0.849290983E-02
-0.121815191E-01-0.159358146E-01-0.197468602E-01-0.236045203E-01-0.274983549E-01
-0.314173818E-01-0.353508313E-01-0.392908294E-01-0.432295270E-01-0.471649062E-01
 0.398250276E-01 0.404202861E-01 0.410336104E-01 0.416726602E-01 0.423457016E-01
 0.430623923E-01 0.438374690E-01 0.447018454E-01 0.458041278E-01 0.465166278E-01
 0.468382207E-01 0.474239097E-01 0.480752068E-01 0.487606895E-01 0.494616841E-01
 0.501635533E-01 0.508534030E-01 0.515200229E-01 0.521512764E-01 0.527357274E-01
 0.532624359E-01 0.537198466E-01 0.540974753E-01 0.543851803E-01 0.545728176E-01
 0.546516304E-01 0.546136796E-01 0.544513271E-01 0.541581681E-01 0.537289740E-01
 0.531584319E-01 0.524427433E-01 0.515790509E-01 0.505653188E-01 0.494007523E-01
 0.480843413E-01 0.466159828E-01 0.449969337E-01 0.432285467E-01 0.413126088E-01
 0.392516082E-01 0.370488567E-01 0.347068561E-01 0.322301103E-01 0.296223015E-01
 0.268876289E-01 0.240308921E-01 0.210569468E-01 0.179711766E-01 0.147782162E-01
 0.114847372E-01 0.809660237E-02 0.462012736E-02 0.106265376E-02-0.256896596E-02
-0.626660831E-02-0.100217957E-01-0.138265370E-01-0.176708122E-01-0.215458347E-01
-0.254415465E-01-0.293488763E-01-0.332592295E-01-0.371678955E-01-0.410754736E-01
 0.438844739E-01 0.447367745E-01 0.456098425E-01 0.465024234E-01 0.474144477E-01
 0.483471392E-01 0.493005389E-01 0.502676021E-01 0.512250067E-01 0.521374332E-01
 0.530067331E-01 0.538630816E-01 0.547223922E-01 0.555845344E-01 0.564422673E-01
 0.572862392E-01 0.581053068E-01 0.588892880E-01 0.596266867E-01 0.603060262E-01
 0.609164689E-01 0.614469323E-01 0.618870470E-01 0.622258603E-01 0.624540625E-01
 0.625630439E-01 0.625438515E-01 0.623890457E-01 0.620930350E-01 0.616497446E-01
 0.610543173E-01 0.603041248E-01 0.593954393E-01 0.583282762E-01 0.571002620E-01
 0.557123538E-01 0.541660179E-01 0.524621794E-01 0.506035863E-01 0.485932756E-01
 0.464344704E-01 0.441318919E-01 0.416890562E-01 0.391115963E-01 0.364041285E-01
 0.335718877E-01 0.306209873E-01 0.275565371E-01 0.243852735E-01 0.211125595E-01
 0.177454749E-01 0.142906166E-01 0.107546522E-01 0.714455890E-02 0.346824993E-02
-0.267325106E-03-0.405368150E-02-0.788278985E-02-0.117462490E-01-0.156344420E-01
-0.195384409E-01-0.234478236E-01-0.273500303E-01-0.312304597E-01-0.350713870E-01
 0.479170059E-01 0.490366400E-01 0.501712566E-01 0.513163244E-01 0.524639432E-01
 0.536077367E-01 0.547456686E-01 0.558784587E-01 0.570045861E-01 0.581200889E-01
 0.592228119E-01 0.603139229E-01 0.613941294E-01 0.624608406E-01 0.635085386E-01
 0.645291921E-01 0.655120468E-01 0.664480086E-01 0.673260436E-01 0.681346605E-01
 0.688623814E-01 0.694978852E-01 0.700301509E-01 0.704483057E-01 0.707426883E-01
 0.709038044E-01 0.709228546E-01 0.707922560E-01 0.705062279E-01 0.700581742E-01
 0.694444153E-01 0.686626605E-01 0.677091988E-01 0.665837728E-01 0.652872879E-01
 0.638195860E-01 0.621835543E-01 0.603822810E-01 0.584189990E-01 0.562978303E-01
 0.540243589E-01 0.516029253E-01 0.490398391E-01 0.463409075E-01 0.435127550E-01
 0.405613660E-01 0.374937458E-01 0.343163403E-01 0.310366063E-01 0.276603835E-01
 0.241957721E-01 0.206496160E-01 0.170287018E-01 0.133408307E-01 0.959278419E-02
 0.579206881E-02 0.194680994E-02-0.193583587E-02-0.584755723E-02-0.978097724E-02
-0.137267538E-01-0.176753192E-01-0.216154571E-01-0.255307116E-01-0.293923371E-01
 0.519576676E-01 0.533443758E-01 0.547558123E-01 0.561853531E-01 0.575984970E-01
 0.589513410E-01 0.602604372E-01 0.615662751E-01 0.628818656E-01 0.642050266E-01
 0.655299689E-01 0.668496004E-01 0.681581302E-01 0.694478020E-01 0.707111645E-01
 0.719378548E-01 0.731178977E-01 0.742405813E-01 0.752936798E-01 0.762662108E-01
 0.771451123E-01 0.779185513E-01 0.785740751E-01 0.791005596E-01 0.794866392E-01
 0.797230731E-01 0.797999237E-01 0.797094457E-01 0.794450925E-01 0.790011582E-01
 0.783738426E-01 0.775601681E-01 0.765589035E-01 0.753699971E-01 0.739942715E-01
 0.724346612E-01 0.706946053E-01 0.687784202E-01 0.666913709E-01 0.644384446E-01
 0.620273292E-01 0.594644256E-01 0.567570494E-01 0.539121351E-01 0.509385146E-01
 0.478424494E-01 0.446334679E-01 0.413177962E-01 0.379037700E-01 0.343994199E-01
 0.308117037E-01 0.271488666E-01 0.234175877E-01 0.196259508E-01 0.157806118E-01
 0.118895628E-01 0.795931225E-02 0.399737925E-02 0.978433573E-05-0.399601073E-02
-0.801377887E-02-0.120376940E-01-0.160630066E-01-0.200885003E-01-0.241189741E-01
 0.560071882E-01 0.576364601E-01 0.593266329E-01 0.611228854E-01 0.630297133E-01
 0.646263685E-01 0.658062883E-01 0.672732878E-01 0.687981364E-01 0.703520162E-01
 0.719186697E-01 0.734861679E-01 0.750441221E-01 0.765823157E-01 0.780895415E-01
 0.795544894E-01 0.809658274E-01 0.823111137E-01 0.835772751E-01 0.847503872E-01
 0.858167006E-01 0.867629497E-01 0.875746531E-01 0.882396798E-01 0.887453903E-01
 0.890810716E-01 0.892359542E-01 0.892015236E-01 0.889701846E-01 0.885375062E-01
 0.878985035E-01 0.870515075E-01 0.859957412E-01 0.847321887E-01 0.832642602E-01
 0.815953252E-01 0.797305516E-01 0.776763803E-01 0.754404838E-01 0.730301906E-01
 0.704536921E-01 0.677209339E-01 0.648401722E-01 0.618207063E-01 0.586721441E-01
 0.554031140E-01 0.520232644E-01 0.485414382E-01 0.449659597E-01 0.413054730E-01
 0.375684987E-01 0.337627401E-01 0.298957677E-01 0.259751805E-01 0.220084898E-01
 0.180026006E-01 0.139640012E-01 0.989860180E-02 0.581413641E-02 0.171486786E-02
-0.239444021E-02-0.650957927E-02-0.106301603E-01-0.147579602E-01-0.188976906E-01
 0.600066489E-01 0.618388776E-01 0.637205304E-01 0.656440727E-01 0.675595565E-01
 0.693705487E-01 0.711246326E-01 0.728998088E-01 0.747071086E-01 0.765385622E-01
 0.783833715E-01 0.802308823E-01 0.820697418E-01 0.838883683E-01 0.856739849E-01
 0.874146428E-01 0.890965034E-01 0.907048644E-01 0.922242148E-01 0.936394655E-01
 0.949340880E-01 0.960919556E-01 0.970974233E-01 0.979354689E-01 0.985915768E-01
 0.990529915E-01 0.993074349E-01 0.993453777E-01 0.991590974E-01 0.987423030E-01
 0.980914802E-01 0.972052512E-01 0.960839333E-01 0.947303790E-01 0.931491178E-01
 0.913466767E-01 0.893302136E-01 0.871086779E-01 0.846920612E-01 0.820904808E-01
 0.793151203E-01 0.763776447E-01 0.732889652E-01 0.700599901E-01 0.667030305E-01
 0.632276569E-01 0.596454713E-01 0.559660643E-01 0.521989528E-01 0.483537092E-01
 0.444396327E-01 0.404641350E-01 0.364355487E-01 0.323617047E-01 0.282495055E-01
 0.241055546E-01 0.199369837E-01 0.157498397E-01 0.115491055E-01 0.733994818E-02
 0.312811443E-02-0.108416771E-02-0.529355451E-02-0.950187376E-02-0.137167091E-01
 0.639347206E-01 0.659875530E-01 0.680538182E-01 0.701295335E-01 0.722135397E-01
 0.743008719E-01 0.763938808E-01 0.785009421E-01 0.806274116E-01 0.827723080E-01
 0.849300027E-01 0.870921613E-01 0.892479310E-01 0.913847687E-01 0.934901324E-01
 0.955493164E-01 0.975463422E-01 0.994642590E-01 0.101285054E+00 0.102990095E+00
 0.104559936E+00 0.105975912E+00 0.107218430E+00 0.108269766E+00 0.109112160E+00
 0.109729914E+00 0.110108818E+00 0.110237448E+00 0.110106399E+00 0.109709113E+00
 0.109043034E+00 0.108106812E+00 0.106902823E+00 0.105436072E+00 0.103713976E+00
 0.101745151E+00 0.995406501E-01 0.971129082E-01 0.944745143E-01 0.916402240E-01
 0.886232774E-01 0.854386392E-01 0.821002662E-01 0.786216833E-01 0.750163129E-01
 0.712973873E-01 0.674763462E-01 0.635649660E-01 0.595742387E-01 0.555131814E-01
 0.513923192E-01 0.472204068E-01 0.430047717E-01 0.387528786E-01 0.344728222E-01
 0.301701582E-01 0.258517974E-01 0.215228012E-01 0.171895589E-01 0.128567118E-01
 0.852897647E-02 0.421334105E-02-0.842560420E-04-0.435422104E-02-0.858342598E-02
 0.678637410E-01 0.702574741E-01 0.724620405E-01 0.746885699E-01 0.769861625E-01
 0.793323275E-01 0.817177086E-01 0.841377659E-01 0.865893021E-01 0.890677665E-01
 0.915664439E-01 0.940766677E-01 0.965874002E-01 0.990856364E-01 0.101556576E+00
 0.103983632E+00 0.106348424E+00 0.108630987E+00 0.110809844E+00 0.112862483E+00
 0.114765166E+00 0.116494468E+00 0.118027376E+00 0.119341104E+00 0.120413642E+00
 0.121225249E+00 0.121757793E+00 0.121997367E+00 0.121932628E+00 0.121556923E+00
 0.120866931E+00 0.119863595E+00 0.118550840E+00 0.116938294E+00 0.115036092E+00
 0.112857327E+00 0.110416777E+00 0.107731603E+00 0.104819679E+00 0.101698734E+00
 0.983874963E-01 0.949042313E-01 0.912660582E-01 0.874897228E-01 0.835913895E-01
 0.795855294E-01 0.754860385E-01 0.713050816E-01 0.670559468E-01 0.627471803E-01
 0.583900353E-01 0.539933611E-01 0.495651107E-01 0.451125903E-01 0.406428168E-01
 0.361617939E-01 0.316750758E-01 0.271875070E-01 0.227044679E-01 0.182311721E-01
 0.137717989E-01 0.933198007E-02 0.491868724E-02 0.543420498E-03-0.376988840E-02
 0.716399039E-01 0.741598092E-01 0.766564978E-01 0.791667792E-01 0.817347100E-01
 0.843641807E-01 0.870517296E-01 0.897931856E-01 0.925837883E-01 0.954172198E-01
 0.982858826E-01 0.101179781E+00 0.104087106E+00 0.106993526E+00 0.109882474E+00
 0.112734989E+00 0.115529692E+00 0.118243100E+00 0.120849472E+00 0.123320734E+00
 0.125627352E+00 0.127738925E+00 0.129627399E+00 0.131267295E+00 0.132627075E+00
 0.133679622E+00 0.134402100E+00 0.134777015E+00 0.134790913E+00 0.134435396E+00
 0.133707688E+00 0.132609797E+00 0.131150078E+00 0.129343263E+00 0.127208990E+00
 0.124761208E+00 0.122020725E+00 0.119011337E+00 0.115757342E+00 0.112283278E+00
 0.108612516E+00 0.104768024E+00 0.100770513E+00 0.966408836E-01 0.923969747E-01
 0.880560950E-01 0.836338646E-01 0.791439341E-01 0.745986985E-01 0.700094518E-01
 0.653860357E-01 0.607379099E-01 0.560726814E-01 0.513970095E-01 0.467175742E-01
 0.420395144E-01 0.373685321E-01 0.327082697E-01 0.280623380E-01 0.234342252E-01
 0.188271244E-01 0.142435989E-01 0.968305682E-02 0.514347559E-02 0.615415347E-03
 0.753367523E-01 0.780392182E-01 0.807773717E-01 0.835637803E-01 0.864157070E-01
 0.893425434E-01 0.923465634E-01 0.954257402E-01 0.985755698E-01 0.101790032E+00
 0.105060713E+00 0.108377372E+00 0.111727276E+00 0.115095023E+00 0.118462314E+00
 0.121807806E+00 0.125106569E+00 0.128330504E+00 0.131451456E+00 0.134433204E+00
 0.137234449E+00 0.139813948E+00 0.142132171E+00 0.144152014E+00 0.145840670E+00
 0.147167206E+00 0.148106045E+00 0.148635718E+00 0.148740363E+00 0.148410518E+00
 0.147642557E+00 0.146439833E+00 0.144811843E+00 0.142774048E+00 0.140345386E+00
 0.137551844E+00 0.134424164E+00 0.130998127E+00 0.127314190E+00 0.123403220E+00
 0.119291890E+00 0.115009891E+00 0.110583376E+00 0.106035104E+00 0.101387343E+00
 0.966587493E-01 0.918655889E-01 0.870236036E-01 0.821454825E-01 0.772418405E-01
 0.723229950E-01 0.673973576E-01 0.624721916E-01 0.575541164E-01 0.526479615E-01
 0.477586109E-01 0.428900278E-01 0.380454237E-01 0.332272947E-01 0.284377455E-01
 0.236775216E-01 0.189473065E-01 0.142432186E-01 0.956064516E-02 0.488940057E-02
 0.790682722E-01 0.819929204E-01 0.848880564E-01 0.878819923E-01 0.909926667E-01
 0.942158412E-01 0.975465409E-01 0.100980176E+00 0.104511765E+00 0.108135095E+00
 0.111842505E+00 0.115623950E+00 0.119466831E+00 0.123355267E+00 0.127269659E+00
 0.131187874E+00 0.135079690E+00 0.138902427E+00 0.142608683E+00 0.146151227E+00
 0.149484496E+00 0.152561752E+00 0.155338039E+00 0.157770259E+00 0.159818095E+00
 0.161445949E+00 0.162622702E+00 0.163323885E+00 0.163530560E+00 0.163231774E+00
 0.162423532E+00 0.161108899E+00 0.159300160E+00 0.157014898E+00 0.154278078E+00
 0.151119969E+00 0.147577279E+00 0.143689693E+00 0.139500400E+00 0.135053820E+00
 0.130399971E+00 0.125590221E+00 0.120651965E+00 0.115611753E+00 0.110495205E+00
 0.105321257E+00 0.100108558E+00 0.948709537E-01 0.896223346E-01 0.843728613E-01
 0.791311136E-01 0.739052247E-01 0.687011678E-01 0.635230504E-01 0.583762802E-01
 0.532639289E-01 0.481885651E-01 0.431534508E-01 0.381581008E-01 0.332051157E-01
 0.282954267E-01 0.234273248E-01 0.185996846E-01 0.138071570E-01 0.903887579E-02
 0.826876591E-01 0.858663888E-01 0.887398488E-01 0.919714335E-01 0.953658117E-01
 0.989041365E-01 0.102578750E+00 0.106385507E+00 0.110320984E+00 0.114380846E+00
 0.118559329E+00 0.122848372E+00 0.127237132E+00 0.131711302E+00 0.136245021E+00
 0.140797200E+00 0.145318336E+00 0.149760562E+00 0.154073124E+00 0.158203111E+00
 0.162096828E+00 0.165700916E+00 0.168962883E+00 0.171833011E+00 0.174263962E+00
 0.176214740E+00 0.177648177E+00 0.178535143E+00 0.178853593E+00 0.178590486E+00
 0.177741560E+00 0.176310556E+00 0.174311694E+00 0.171766148E+00 0.168703635E+00
 0.165160408E+00 0.161179149E+00 0.156806038E+00 0.152091759E+00 0.147089180E+00
 0.141852737E+00 0.136435373E+00 0.130893332E+00 0.125280399E+00 0.119624919E+00
 0.113947212E+00 0.108264491E+00 0.102591580E+00 0.969377743E-01 0.913140236E-01
 0.857264907E-01 0.801812284E-01 0.746826557E-01 0.692338525E-01 0.638377220E-01
 0.584957642E-01 0.532086725E-01 0.479787658E-01 0.428056464E-01 0.376901701E-01
 0.326325499E-01 0.276341379E-01 0.226976202E-01 0.178284401E-01 0.130346105E-01
 0.852612761E-01 0.886658870E-01 0.921418477E-01 0.957290599E-01 0.994545481E-01
 0.103331134E+00 0.107364883E+00 0.111559167E+00 0.115915654E+00 0.120434284E+00
 0.125113261E+00 0.129947978E+00 0.134931807E+00 0.140028913E+00 0.145193746E+00
 0.150379642E+00 0.155536092E+00 0.160608768E+00 0.165540199E+00 0.170271139E+00
 0.174740910E+00 0.178888878E+00 0.182655124E+00 0.185982236E+00 0.188815658E+00
 0.191106555E+00 0.192811997E+00 0.193897219E+00 0.194335541E+00 0.194112208E+00
 0.193220782E+00 0.191668118E+00 0.189470050E+00 0.186653082E+00 0.183251398E+00
 0.179308860E+00 0.174874116E+00 0.170001309E+00 0.164748108E+00 0.159175555E+00
 0.153343977E+00 0.147315774E+00 0.141151781E+00 0.134907688E+00 0.128643756E+00
 0.122406262E+00 0.116209302E+00 0.110064087E+00 0.103977994E+00 0.979587141E-01
 0.920087970E-01 0.861325647E-01 0.803314245E-01 0.746062628E-01 0.689573306E-01
 0.633844216E-01 0.578867450E-01 0.524634682E-01 0.471135480E-01 0.418363327E-01
 0.366312386E-01 0.314979178E-01 0.264406463E-01 0.214651396E-01 0.165908365E-01
 0.879801821E-01 0.915960593E-01 0.953324403E-01 0.992058667E-01 0.103236031E+00
 0.107439134E+00 0.111826921E+00 0.116408431E+00 0.121190731E+00 0.126179490E+00
 0.131378546E+00 0.136781003E+00 0.142353798E+00 0.148051893E+00 0.153830078E+00
 0.159637444E+00 0.165418191E+00 0.171112556E+00 0.176657572E+00 0.181987667E+00
 0.187035579E+00 0.191733394E+00 0.196013422E+00 0.199809707E+00 0.203059495E+00
 0.205704981E+00 0.207695235E+00 0.208988236E+00 0.209553141E+00 0.209370397E+00
 0.208435180E+00 0.206753736E+00 0.204346843E+00 0.201247169E+00 0.197495491E+00
 0.193143554E+00 0.188248053E+00 0.182870511E+00 0.177077560E+00 0.170935891E+00
 0.164514494E+00 0.157881611E+00 0.151104360E+00 0.144246838E+00 0.137369295E+00
 0.130530258E+00 0.123784322E+00 0.117142918E+00 0.110607768E+00 0.104181801E+00
 0.978643495E-01 0.916555839E-01 0.855528351E-01 0.795539094E-01 0.736571377E-01
 0.678587020E-01 0.621561994E-01 0.565464069E-01 0.510269075E-01 0.455938684E-01
 0.402440459E-01 0.349743703E-01 0.297798573E-01 0.246546438E-01 0.195848128E-01
 0.905320479E-01 0.943537157E-01 0.982748661E-01 0.102365826E+00 0.106654168E+00
 0.111152642E+00 0.115872257E+00 0.120824512E+00 0.126020952E+00 0.131473432E+00
 0.137181957E+00 0.143116640E+00 0.149236649E+00 0.155498835E+00 0.161854268E+00
 0.168248224E+00 0.174620635E+00 0.180907859E+00 0.187041829E+00 0.192951770E+00
 0.198564420E+00 0.203804636E+00 0.208596715E+00 0.212865630E+00 0.216538809E+00
 0.219548560E+00 0.221833594E+00 0.223343079E+00 0.224038717E+00 0.223897506E+00
 0.222912771E+00 0.221094402E+00 0.218468946E+00 0.215075607E+00 0.210966365E+00
 0.206200529E+00 0.200844635E+00 0.194969877E+00 0.188649246E+00 0.181957606E+00
 0.174969675E+00 0.167759793E+00 0.160400332E+00 0.152961121E+00 0.145508043E+00
 0.138101286E+00 0.130799513E+00 0.123653721E+00 0.116670476E+00 0.109842517E+00
 0.103166048E+00 0.966346070E-01 0.902421594E-01 0.839834422E-01 0.778524416E-01
 0.718429420E-01 0.659503493E-01 0.601685500E-01 0.544932186E-01 0.489183962E-01
 0.434388796E-01 0.380482327E-01 0.327390410E-01 0.275009778E-01 0.223193816E-01
 0.928700475E-01 0.968814166E-01 0.100812841E+00 0.105085282E+00 0.109604379E+00
 0.114369313E+00 0.119390536E+00 0.124682711E+00 0.130262724E+00 0.136144943E+00
 0.142307170E+00 0.148711689E+00 0.155319925E+00 0.162086411E+00 0.168959492E+00
 0.175881532E+00 0.182790111E+00 0.189618233E+00 0.196294561E+00 0.202743862E+00
 0.208887642E+00 0.214644492E+00 0.219931107E+00 0.224663423E+00 0.228758105E+00
 0.232135303E+00 0.234721572E+00 0.236453523E+00 0.237283306E+00 0.237181556E+00
 0.236140706E+00 0.234175518E+00 0.231320183E+00 0.227626204E+00 0.223156597E+00
 0.217982057E+00 0.212179911E+00 0.205829482E+00 0.199012191E+00 0.191808040E+00
 0.184298834E+00 0.176562288E+00 0.168675591E+00 0.160711437E+00 0.152739583E+00
 0.144826188E+00 0.137028669E+00 0.129402768E+00 0.121993265E+00 0.114789078E+00
 0.107778919E+00 0.100950612E+00 0.942947537E-01 0.878003384E-01 0.814594491E-01
 0.752623592E-01 0.692016772E-01 0.632702595E-01 0.574603122E-01 0.517661021E-01
 0.461811130E-01 0.406981479E-01 0.353106688E-01 0.300083785E-01 0.247764490E-01
 0.942848835E-01 0.984367947E-01 0.102742218E+00 0.107248227E+00 0.111989236E+00
 0.116989529E+00 0.122271024E+00 0.127856456E+00 0.133770103E+00 0.140009757E+00
 0.146544575E+00 0.153339903E+00 0.160355334E+00 0.167543513E+00 0.174851156E+00
 0.182219117E+00 0.189583397E+00 0.196875069E+00 0.204020656E+00 0.210942156E+00
 0.217557275E+00 0.223780043E+00 0.229520836E+00 0.234687474E+00 0.239186148E+00
 0.242924044E+00 0.245812024E+00 0.247770555E+00 0.248735993E+00 0.248669594E+00
 0.247562772E+00 0.245438456E+00 0.242345079E+00 0.238349738E+00 0.233529209E+00
 0.227967951E+00 0.221752866E+00 0.214971714E+00 0.207711783E+00 0.200059589E+00
 0.192098764E+00 0.183911567E+00 0.175576080E+00 0.167168964E+00 0.158762178E+00
 0.150423121E+00 0.142213769E+00 0.134188303E+00 0.126400922E+00 0.118867306E+00
 0.111568199E+00 0.104486222E+00 0.976063359E-01 0.909143314E-01 0.843976561E-01
 0.780456290E-01 0.718466391E-01 0.657931413E-01 0.598759922E-01 0.540879464E-01
 0.484222243E-01 0.428744321E-01 0.374414990E-01 0.321242371E-01 0.269264636E-01
 0.955156943E-01 0.997695582E-01 0.104210349E+00 0.108864562E+00 0.113764169E+00
 0.118938892E+00 0.124416751E+00 0.130225596E+00 0.136391414E+00 0.142898204E+00
 0.149712971E+00 0.156801981E+00 0.164123893E+00 0.171630571E+00 0.179267755E+00
 0.186975774E+00 0.194689891E+00 0.202340369E+00 0.209852819E+00 0.217147961E+00
 0.224141837E+00 0.230745883E+00 0.236866849E+00 0.242407254E+00 0.247265549E+00
 0.251336958E+00 0.254515910E+00 0.256700774E+00 0.257803434E+00 0.257766112E+00
 0.256579687E+00 0.254284532E+00 0.250951787E+00 0.246669412E+00 0.241531515E+00
 0.235633982E+00 0.229070590E+00 0.221935924E+00 0.214320801E+00 0.206313437E+00
 0.197999992E+00 0.189463801E+00 0.180785326E+00 0.172040367E+00 0.163304007E+00
 0.154642986E+00 0.146122827E+00 0.137797437E+00 0.129719149E+00 0.121930906E+00
 0.114409810E+00 0.107134251E+00 0.100084196E+00 0.932431575E-01 0.865959024E-01
 0.801287566E-01 0.738297361E-01 0.676874820E-01 0.616931230E-01 0.558371829E-01
 0.501136653E-01 0.445163202E-01 0.390425972E-01 0.336965373E-01 0.284917203E-01
 0.964208992E-01 0.100746156E+00 0.105215907E+00 0.109912742E+00 0.114882390E+00
 0.120152048E+00 0.125746889E+00 0.131694974E+00 0.138014087E+00 0.144683360E+00
 0.151670609E+00 0.158941473E+00 0.166453631E+00 0.174158522E+00 0.182001610E+00
 0.189923109E+00 0.197858112E+00 0.205736792E+00 0.213484583E+00 0.221022117E+00
 0.228265223E+00 0.235124854E+00 0.241507163E+00 0.247313246E+00 0.252438819E+00
 0.256774050E+00 0.260202357E+00 0.262600164E+00 0.263841926E+00 0.263825626E+00
 0.262541182E+00 0.260071400E+00 0.256524871E+00 0.252010519E+00 0.246633837E+00
 0.240495286E+00 0.233693420E+00 0.226321922E+00 0.218473273E+00 0.210236190E+00
 0.201697522E+00 0.192941089E+00 0.184046579E+00 0.175092051E+00 0.166150418E+00
 0.157291140E+00 0.148578999E+00 0.140070702E+00 0.131816558E+00 0.123864865E+00
 0.116203400E+00 0.108806905E+00 0.101652747E+00 0.947220047E-01 0.879970911E-01
 0.814629401E-01 0.751057015E-01 0.689135413E-01 0.628758764E-01 0.569825852E-01
 0.512244192E-01 0.455937822E-01 0.400809430E-01 0.346763831E-01 0.293631888E-01
 0.970938418E-01 0.101450065E+00 0.105643705E+00 0.110294507E+00 0.115268937E+00
 0.120563651E+00 0.126195125E+00 0.132188877E+00 0.138558728E+00 0.145281867E+00
 0.152326545E+00 0.159658146E+00 0.167234217E+00 0.175005826E+00 0.182918441E+00
 0.190912421E+00 0.198922704E+00 0.206879750E+00 0.214708778E+00 0.222330777E+00
 0.229661705E+00 0.236612758E+00 0.243090579E+00 0.248996775E+00 0.254228263E+00
 0.258676611E+00 0.262227060E+00 0.264755102E+00 0.266115569E+00 0.266109136E+00
 0.264725505E+00 0.262144112E+00 0.258491674E+00 0.253879460E+00 0.248410893E+00
 0.242184383E+00 0.235297206E+00 0.227843924E+00 0.219916214E+00 0.211601941E+00
 0.202988905E+00 0.194158983E+00 0.185193889E+00 0.176170826E+00 0.167162710E+00
 0.158239465E+00 0.149465226E+00 0.140898828E+00 0.132587995E+00 0.124584452E+00
 0.116879034E+00 0.109446284E+00 0.102262713E+00 0.953077979E-01 0.885637115E-01
 0.820146425E-01 0.756460693E-01 0.694470224E-01 0.634044370E-01 0.575086822E-01
 0.517491621E-01 0.461169948E-01 0.406000634E-01 0.351854902E-01 0.298578926E-01
 0.964159872E-01 0.100739250E+00 0.105207992E+00 0.109904268E+00 0.114873428E+00
 0.120142096E+00 0.125735433E+00 0.131681449E+00 0.137998126E+00 0.144664788E+00
 0.151649455E+00 0.158917769E+00 0.166427626E+00 0.174130458E+00 0.181971727E+00
 0.189891782E+00 0.197825746E+00 0.205703903E+00 0.213451586E+00 0.220989602E+00
 0.228233707E+00 0.235094994E+00 0.241479553E+00 0.247288644E+00 0.252417861E+00
 0.256757616E+00 0.260191221E+00 0.262595184E+00 0.263843929E+00 0.263835233E+00
 0.262558648E+00 0.260096815E+00 0.256558285E+00 0.252051745E+00 0.246683577E+00
 0.240553230E+00 0.233759794E+00 0.226396823E+00 0.218556811E+00 0.210328853E+00
 0.201799459E+00 0.193051662E+00 0.184166811E+00 0.175221822E+00 0.166289644E+00
 0.157440983E+00 0.148738795E+00 0.140241173E+00 0.131998235E+00 0.124058476E+00
 0.116410972E+00 0.109030352E+00 0.101893972E+00 0.949834982E-01 0.882807061E-01
 0.817708465E-01 0.754400376E-01 0.692769262E-01 0.632701831E-01 0.574101426E-01
 0.516875207E-01 0.460943135E-01 0.406205215E-01 0.352548526E-01 0.299808011E-01
 0.955015321E-01 0.997517696E-01 0.104192597E+00 0.108848091E+00 0.113747951E+00
 0.118921080E+00 0.124395635E+00 0.130199871E+00 0.136360406E+00 0.142861698E+00
 0.149671019E+00 0.156754779E+00 0.164071933E+00 0.171574433E+00 0.179207984E+00
 0.186913166E+00 0.194625249E+00 0.202274585E+00 0.209786891E+00 0.217082922E+00
 0.224078845E+00 0.230686131E+00 0.236811638E+00 0.242357841E+00 0.247223403E+00
 0.251303611E+00 0.254492857E+00 0.256689397E+00 0.257805244E+00 0.257782004E+00
 0.256610703E+00 0.254330921E+00 0.251014247E+00 0.246747405E+00 0.241626136E+00
 0.235745035E+00 0.229198593E+00 0.222080963E+00 0.214483431E+00 0.206493509E+00
 0.198197974E+00 0.189679669E+00 0.181019406E+00 0.172293675E+00 0.163576634E+00
 0.154935417E+00 0.146435851E+00 0.138131476E+00 0.130075141E+00 0.122311093E+00
 0.114818339E+00 0.107574682E+00 0.100560550E+00 0.937598264E-01 0.871569630E-01
 0.807380450E-01 0.744921006E-01 0.684070895E-01 0.624744108E-01 0.566861267E-01
 0.510346983E-01 0.455141590E-01 0.401221663E-01 0.348589767E-01 0.297280318E-01
 0.942428940E-01 0.983917725E-01 0.102711950E+00 0.107229461E+00 0.111973149E+00
 0.116969740E+00 0.122244211E+00 0.127820986E+00 0.133725426E+00 0.139955904E+00
 0.146482096E+00 0.153269362E+00 0.160277443E+00 0.167459239E+00 0.174761463E+00
 0.182125167E+00 0.189486386E+00 0.196776412E+00 0.203921754E+00 0.210844541E+00
 0.217462691E+00 0.223690160E+00 0.229437594E+00 0.234612786E+00 0.239122090E+00
 0.242872582E+00 0.245775241E+00 0.247750386E+00 0.248734267E+00 0.248687850E+00
 0.247602074E+00 0.245500098E+00 0.242429619E+00 0.238457600E+00 0.233661311E+00
 0.228124169E+00 0.221934006E+00 0.215178322E+00 0.207943610E+00 0.200317353E+00
 0.192383234E+00 0.184222371E+00 0.175914193E+00 0.167534878E+00 0.159156707E+00
 0.150846705E+00 0.142666777E+00 0.134672669E+00 0.126917535E+00 0.119421547E+00
 0.112165402E+00 0.105132114E+00 0.983061282E-01 0.916735016E-01 0.852230157E-01
 0.789426947E-01 0.728225570E-01 0.668545532E-01 0.610299681E-01 0.553423830E-01
 0.497857354E-01 0.443561914E-01 0.390523669E-01 0.338786115E-01 0.288499523E-01
 0.927113163E-01 0.967111701E-01 0.100814268E+00 0.105099880E+00 0.109607805E+00
 0.114356690E+00 0.119361781E+00 0.124638763E+00 0.130204478E+00 0.136073484E+00
 0.142223737E+00 0.148617321E+00 0.155215779E+00 0.161973737E+00 0.168839622E+00
 0.175756091E+00 0.182660625E+00 0.189486466E+00 0.196162379E+00 0.202613311E+00
 0.208760964E+00 0.214523964E+00 0.219819016E+00 0.224562282E+00 0.228670425E+00
 0.232063553E+00 0.234668295E+00 0.236420903E+00 0.237273776E+00 0.237196921E+00
 0.236182625E+00 0.234245254E+00 0.231419404E+00 0.227755279E+00 0.223316729E+00
 0.218173458E+00 0.212403359E+00 0.206085456E+00 0.199300966E+00 0.192130849E+00
 0.184655722E+00 0.176953749E+00 0.169102336E+00 0.161174222E+00 0.153239220E+00
 0.145363293E+00 0.137604499E+00 0.130018682E+00 0.122653600E+00 0.115500432E+00
 0.108547942E+00 0.101784232E+00 0.952000455E-01 0.887848496E-01 0.825299627E-01
 0.764280484E-01 0.704703738E-01 0.646512866E-01 0.589634720E-01 0.534017778E-01
 0.479597560E-01 0.426324473E-01 0.374142552E-01 0.322965772E-01 0.272655734E-01
 0.910624054E-01 0.948722652E-01 0.984642610E-01 0.102449388E+00 0.106681435E+00
 0.111143684E+00 0.115836893E+00 0.120768058E+00 0.125946324E+00 0.131382372E+00
 0.137076013E+00 0.142997452E+00 0.149105493E+00 0.155357252E+00 0.161703884E+00
 0.168090855E+00 0.174458261E+00 0.180742542E+00 0.186876017E+00 0.192787846E+00
 0.198404974E+00 0.203652334E+00 0.208454430E+00 0.212736235E+00 0.216425269E+00
 0.219453764E+00 0.221760293E+00 0.223293937E+00 0.224016368E+00 0.223904522E+00
 0.222950555E+00 0.221165154E+00 0.218573867E+00 0.215216437E+00 0.211143585E+00
 0.206415414E+00 0.201097785E+00 0.195262128E+00 0.188980931E+00 0.182329675E+00
 0.175382674E+00 0.168214397E+00 0.160897132E+00 0.153501171E+00 0.146092478E+00
 0.138731822E+00 0.131477154E+00 0.124381167E+00 0.117454477E+00 0.110691065E+00
 0.104086438E+00 0.976347014E-01 0.913308504E-01 0.851692175E-01 0.791443512E-01
 0.732511609E-01 0.674853103E-01 0.618410512E-01 0.563151097E-01 0.509018574E-01
 0.455973690E-01 0.403954948E-01 0.352891219E-01 0.302695637E-01 0.253227286E-01
 0.881692224E-01 0.917637029E-01 0.954333776E-01 0.992459316E-01 0.103232649E+00
 0.107404670E+00 0.111768410E+00 0.116329696E+00 0.121093814E+00 0.126065554E+00
 0.131248275E+00 0.136635582E+00 0.142194685E+00 0.147880731E+00 0.153648568E+00
 0.159447675E+00 0.165222385E+00 0.170913209E+00 0.176457360E+00 0.181789369E+00
 0.186842174E+00 0.191548004E+00 0.195839187E+00 0.199649975E+00 0.202917454E+00
 0.205583859E+00 0.207598167E+00 0.208918048E+00 0.209512897E+00 0.209362572E+00
 0.208461866E+00 0.206817406E+00 0.204449058E+00 0.201389349E+00 0.197679332E+00
 0.193369528E+00 0.188517378E+00 0.183184668E+00 0.177436257E+00 0.171340634E+00
 0.164965552E+00 0.158379624E+00 0.151650668E+00 0.144842334E+00 0.138015652E+00
 0.131229440E+00 0.124538111E+00 0.117958407E+00 0.111492288E+00 0.105143273E+00
 0.989114010E-01 0.927967867E-01 0.867976482E-01 0.809132005E-01 0.751408170E-01
 0.694784658E-01 0.639239137E-01 0.584752098E-01 0.531302944E-01 0.478865907E-01
 0.427407922E-01 0.376904201E-01 0.327312497E-01 0.278563704E-01 0.230530396E-01
 0.851861650E-01 0.885779113E-01 0.920615562E-01 0.956559253E-01 0.993804345E-01
 0.103249317E+00 0.107271160E+00 0.111451155E+00 0.115792157E+00 0.120294644E+00
 0.124957324E+00 0.129775701E+00 0.134744334E+00 0.139827591E+00 0.144980642E+00
 0.150156952E+00 0.155306296E+00 0.160374554E+00 0.165304576E+00 0.170037309E+00
 0.174512181E+00 0.178668625E+00 0.182446930E+00 0.185789718E+00 0.188642183E+00
 0.190955593E+00 0.192687045E+00 0.193801526E+00 0.194271944E+00 0.194083623E+00
 0.193229749E+00 0.191717017E+00 0.189560405E+00 0.186787121E+00 0.183430488E+00
 0.179534322E+00 0.175146519E+00 0.170321912E+00 0.165117770E+00 0.159594915E+00
 0.153814019E+00 0.147837559E+00 0.141725820E+00 0.135535163E+00 0.129325805E+00
 0.123148688E+00 0.117017397E+00 0.110944729E+00 0.104939402E+00 0.990080301E-01
 0.931554381E-01 0.873864524E-01 0.817027297E-01 0.761064417E-01 0.705985154E-01
 0.651789632E-01 0.598486947E-01 0.546075201E-01 0.494560659E-01 0.443928642E-01
 0.394199688E-01 0.345373751E-01 0.297484296E-01 0.250584899E-01 0.204761959E-01
 0.821311886E-01 0.852960129E-01 0.885122767E-01 0.918206514E-01 0.952428480E-01
 0.987868401E-01 0.102455967E+00 0.106251235E+00 0.110171919E+00 0.114215323E+00
 0.118376750E+00 0.122648766E+00 0.127021081E+00 0.131479394E+00 0.135999452E+00
 0.140540478E+00 0.145053410E+00 0.149490393E+00 0.153800940E+00 0.157932337E+00
 0.161831170E+00 0.165444033E+00 0.168718569E+00 0.171605178E+00 0.174056144E+00
 0.176030863E+00 0.177491679E+00 0.178409411E+00 0.178761726E+00 0.178535790E+00
 0.177726085E+00 0.176337286E+00 0.174381994E+00 0.171882521E+00 0.168867676E+00
 0.165372921E+00 0.161441693E+00 0.157119481E+00 0.152456704E+00 0.147507152E+00
 0.142324373E+00 0.136961795E+00 0.131474764E+00 0.125919098E+00 0.120325369E+00
 0.114715451E+00 0.109106929E+00 0.103514981E+00 0.979503612E-01 0.924242536E-01
 0.869438970E-01 0.815163823E-01 0.761461618E-01 0.708388622E-01 0.655970228E-01
 0.604237278E-01 0.553208528E-01 0.502918337E-01 0.453368727E-01 0.404586765E-01
 0.356586871E-01 0.309405476E-01 0.263083690E-01 0.217733555E-01 0.173557473E-01
 0.791300646E-01 0.820473326E-01 0.847961226E-01 0.877754731E-01 0.908805610E-01
 0.940947700E-01 0.974120015E-01 0.100828637E+00 0.104341124E+00 0.107944546E+00
 0.111632024E+00 0.115394305E+00 0.119219182E+00 0.123091144E+00 0.126990859E+00
 0.130896135E+00 0.134778382E+00 0.138594680E+00 0.142298260E+00 0.145841832E+00
 0.149180006E+00 0.152266165E+00 0.155055432E+00 0.157504624E+00 0.159573303E+00
 0.161225957E+00 0.162430974E+00 0.163164132E+00 0.163405979E+00 0.163145294E+00
 0.162377954E+00 0.161106742E+00 0.159343321E+00 0.157105654E+00 0.154417112E+00
 0.151309278E+00 0.147818231E+00 0.143982666E+00 0.139846600E+00 0.135454250E+00
 0.130855160E+00 0.126101002E+00 0.121222492E+00 0.116245666E+00 0.111196677E+00
 0.106096409E+00 0.100963821E+00 0.958131544E-01 0.906603532E-01 0.855151939E-01
 0.803878402E-01 0.752870194E-01 0.702204919E-01 0.651931616E-01 0.602114779E-01
 0.552794053E-01 0.504013995E-01 0.455814133E-01 0.408215711E-01 0.361243781E-01
 0.314933697E-01 0.269282475E-01 0.224310471E-01 0.179983791E-01 0.136217301E-01
 0.754022626E-01 0.780720188E-01 0.807583356E-01 0.835073284E-01 0.863322333E-01
 0.892338223E-01 0.922112112E-01 0.952627028E-01 0.983849251E-01 0.101572842E+00
 0.104818659E+00 0.108112552E+00 0.111442018E+00 0.114791813E+00 0.118143796E+00
 0.121476698E+00 0.124765878E+00 0.127983256E+00 0.131100309E+00 0.134082736E+00
 0.136888648E+00 0.139477208E+00 0.141809046E+00 0.143846183E+00 0.145556363E+00
 0.146908173E+00 0.147876259E+00 0.148438769E+00 0.148579489E+00 0.148288514E+00
 0.147562076E+00 0.146403585E+00 0.144821831E+00 0.142831806E+00 0.140452849E+00
 0.137709504E+00 0.134633692E+00 0.131259747E+00 0.127628862E+00 0.123772460E+00
 0.119718587E+00 0.115495998E+00 0.111131636E+00 0.106650449E+00 0.102073972E+00
 0.974221209E-01 0.927120801E-01 0.879611578E-01 0.831814526E-01 0.783861220E-01
 0.735860715E-01 0.687901343E-01 0.640077586E-01 0.592461563E-01 0.545115872E-01
 0.498108344E-01 0.451485493E-01 0.405302468E-01 0.359593136E-01 0.314399315E-01
 0.269735708E-01 0.225621229E-01 0.182047696E-01 0.138981739E-01 0.963421933E-02
 0.716494439E-01 0.741161708E-01 0.766112519E-01 0.791314551E-01 0.816819829E-01
 0.842744745E-01 0.869181628E-01 0.896165523E-01 0.923676618E-01 0.951661016E-01
 0.980039257E-01 0.100870924E+00 0.103754942E+00 0.106641602E+00 0.109514252E+00
 0.112353921E+00 0.115139386E+00 0.117847129E+00 0.120451646E+00 0.122925015E+00
 0.125237760E+00 0.127359380E+00 0.129261706E+00 0.130918562E+00 0.132300230E+00
 0.133378950E+00 0.134131393E+00 0.134539969E+00 0.134590604E+00 0.134274694E+00
 0.133589080E+00 0.132535476E+00 0.131122251E+00 0.129363335E+00 0.127278007E+00
 0.124880712E+00 0.122191647E+00 0.119235078E+00 0.116035064E+00 0.112616970E+00
 0.109003853E+00 0.105219713E+00 0.101286032E+00 0.972242485E-01 0.930520774E-01
 0.887890799E-01 0.844504644E-01 0.800513990E-01 0.756053626E-01 0.711251153E-01
 0.666208385E-01 0.621035846E-01 0.575823964E-01 0.530646366E-01 0.485603046E-01
 0.440738407E-01 0.396138718E-01 0.351859902E-01 0.307946388E-01 0.264457346E-01
 0.221422669E-01 0.178887345E-01 0.136863762E-01 0.953456809E-02 0.542505131E-02
 0.679134013E-01 0.702118850E-01 0.725325369E-01 0.748022650E-01 0.770245741E-01
 0.792735128E-01 0.815757801E-01 0.839304577E-01 0.863304084E-01 0.887669006E-01
 0.912303954E-01 0.937106216E-01 0.961957414E-01 0.986725916E-01 0.101126324E+00
 0.103540206E+00 0.105895965E+00 0.108173684E+00 0.110351899E+00 0.112408285E+00
 0.114318783E+00 0.116060160E+00 0.117609368E+00 0.118943076E+00 0.120039653E+00
 0.120879207E+00 0.121443269E+00 0.121717635E+00 0.121690464E+00 0.121355017E+00
 0.120707837E+00 0.119748975E+00 0.118482798E+00 0.116917771E+00 0.115064626E+00
 0.112936163E+00 0.110546836E+00 0.107914335E+00 0.105056411E+00 0.101990683E+00
 0.987372584E-01 0.953135783E-01 0.917384475E-01 0.880279642E-01 0.841999324E-01
 0.802694571E-01 0.762512688E-01 0.721587275E-01 0.680057626E-01 0.638027195E-01
 0.595612994E-01 0.552927369E-01 0.510048863E-01 0.467082438E-01 0.424107288E-01
 0.381198687E-01 0.338436400E-01 0.295892195E-01 0.253632976E-01 0.211724011E-01
 0.170215434E-01 0.129203938E-01 0.887671855E-02 0.490183958E-02 0.100958235E-02
 0.641237597E-01 0.662652560E-01 0.686310370E-01 0.706349704E-01 0.723048483E-01
 0.741939117E-01 0.761760761E-01 0.782149312E-01 0.802931151E-01 0.823988986E-01
 0.845222112E-01 0.866531168E-01 0.887815323E-01 0.908962982E-01 0.929835574E-01
 0.950291677E-01 0.970173559E-01 0.989312232E-01 0.100752742E+00 0.102463357E+00
 0.104043208E+00 0.105474022E+00 0.106735360E+00 0.107809915E+00 0.108679300E+00
 0.109327762E+00 0.109740703E+00 0.109906517E+00 0.109815255E+00 0.109460123E+00
 0.108838307E+00 0.107947836E+00 0.106790965E+00 0.105372785E+00 0.103700105E+00
 0.101781795E+00 0.996285344E-01 0.972523795E-01 0.946672006E-01 0.918868111E-01
 0.889252053E-01 0.857977420E-01 0.825191862E-01 0.791032273E-01 0.755639029E-01
 0.719154177E-01 0.681702134E-01 0.643410760E-01 0.604397816E-01 0.564772112E-01
 0.524644036E-01 0.484123415E-01 0.443298611E-01 0.402253649E-01 0.361099713E-01
 0.319910654E-01 0.278768215E-01 0.237747746E-01 0.196934775E-01 0.156403015E-01
 0.116225523E-01 0.764993858E-02 0.373206407E-02-0.115121889E-03-0.386491010E-02
 0.601546477E-01 0.619502788E-01 0.637630642E-01 0.655283006E-01 0.672431551E-01
 0.689619430E-01 0.707075010E-01 0.724794520E-01 0.742718704E-01 0.760784790E-01
 0.778927208E-01 0.797079976E-01 0.815165644E-01 0.833091334E-01 0.850751576E-01
 0.868014525E-01 0.884746101E-01 0.900798770E-01 0.916016155E-01 0.930248180E-01
 0.943326274E-01 0.955085421E-01 0.965366419E-01 0.974017872E-01 0.980888245E-01
 0.985848731E-01 0.988770986E-01 0.989557109E-01 0.988126739E-01 0.984407836E-01
 0.978368633E-01 0.969987515E-01 0.959264590E-01 0.946227248E-01 0.930919561E-01
 0.913402460E-01 0.893746776E-01 0.872038316E-01 0.848382232E-01 0.822888810E-01
 0.795653851E-01 0.766812175E-01 0.736472464E-01 0.704749891E-01 0.671769661E-01
 0.637647376E-01 0.602491223E-01 0.566420535E-01 0.529541877E-01 0.491956841E-01
 0.453778828E-01 0.415092353E-01 0.376006709E-01 0.336608813E-01 0.296992412E-01
 0.257254184E-01 0.217473679E-01 0.177744520E-01 0.138145886E-01 0.987487474E-02
 0.596428626E-02 0.208869561E-02-0.174502343E-02-0.553464252E-02-0.928526853E-02
 0.560914253E-01 0.576079720E-01 0.591340071E-01 0.606608324E-01 0.621858475E-01
 0.637115631E-01 0.652395469E-01 0.667680126E-01 0.682951451E-01 0.698216993E-01
 0.713482238E-01 0.728731681E-01 0.743917433E-01 0.758969428E-01 0.773796167E-01
 0.788286984E-01 0.802316067E-01 0.815753944E-01 0.828466270E-01 0.840310927E-01
 0.851144733E-01 0.860833949E-01 0.869227060E-01 0.876198736E-01 0.881617792E-01
 0.885375626E-01 0.887356203E-01 0.887467203E-01 0.885633516E-01 0.881801731E-01
 0.875919964E-01 0.867964451E-01 0.857924669E-01 0.845807594E-01 0.831643548E-01
 0.815466827E-01 0.797328309E-01 0.777282586E-01 0.755411724E-01 0.731795259E-01
 0.706512044E-01 0.679657137E-01 0.651331380E-01 0.621621952E-01 0.590636536E-01
 0.558465456E-01 0.525216631E-01 0.490983766E-01 0.455874577E-01 0.419976950E-01
 0.383394535E-01 0.346222491E-01 0.308556530E-01 0.270495740E-01 0.232128113E-01
 0.193559164E-01 0.154871123E-01 0.116157361E-01 0.775138837E-02 0.390241935E-02
 0.760525478E-04-0.372020936E-02-0.748249255E-02-0.112092355E-01-0.149026474E-01
 0.520477391E-01 0.533171451E-01 0.545975517E-01 0.558925925E-01 0.572039136E-01
 0.585284979E-01 0.598508733E-01 0.611437358E-01 0.623983574E-01 0.636372070E-01
 0.648799616E-01 0.661301142E-01 0.673838503E-01 0.686319912E-01 0.698658458E-01
 0.710751816E-01 0.722479816E-01 0.733722679E-01 0.744343490E-01 0.754230939E-01
 0.763247966E-01 0.771275036E-01 0.778168527E-01 0.783824282E-01 0.788118919E-01
 0.790954513E-01 0.792222891E-01 0.791842597E-01 0.789741659E-01 0.785853592E-01
 0.780142671E-01 0.772566743E-01 0.763111381E-01 0.751773479E-01 0.738556114E-01
 0.723483059E-01 0.706587518E-01 0.687913049E-01 0.667508810E-01 0.645428530E-01
 0.621742597E-01 0.596520882E-01 0.569843349E-01 0.541777264E-01 0.512420945E-01
 0.481842608E-01 0.450146107E-01 0.417403519E-01 0.383715831E-01 0.349168189E-01
 0.313851797E-01 0.277867157E-01 0.241302973E-01 0.204255618E-01 0.166821287E-01
 0.129109733E-01 0.912076312E-02 0.532291898E-02 0.152603529E-02-0.225825368E-02
-0.602120507E-02-0.975309360E-02-0.134471932E-01-0.170989916E-01-0.207100990E-01
 0.480541260E-01 0.490581332E-01 0.500828797E-01 0.511371543E-01 0.522337410E-01
 0.533949580E-01 0.546520698E-01 0.559178696E-01 0.565918781E-01 0.574812701E-01
 0.584379718E-01 0.594334486E-01 0.604501547E-01 0.614744398E-01 0.624947883E-01
 0.634998661E-01 0.644795872E-01 0.654220202E-01 0.663148440E-01 0.671469338E-01
 0.679049748E-01 0.685776359E-01 0.691529209E-01 0.696193377E-01 0.699664888E-01
 0.701838384E-01 0.702621726E-01 0.701926537E-01 0.699693566E-01 0.695845915E-01
 0.690336897E-01 0.683145448E-01 0.674220565E-01 0.663558923E-01 0.651163919E-01
 0.637030088E-01 0.621182411E-01 0.603644961E-01 0.584456816E-01 0.563646167E-01
 0.541276720E-01 0.517393667E-01 0.492058852E-01 0.465333538E-01 0.437288437E-01
 0.407992024E-01 0.377522154E-01 0.345949663E-01 0.313362043E-01 0.279837269E-01
 0.245466638E-01 0.210336211E-01 0.174542595E-01 0.138185738E-01 0.101358908E-01
 0.641663853E-02 0.267253736E-02-0.108628518E-02-0.484733339E-02-0.859931352E-02
-0.123281694E-01-0.160214223E-01-0.196636785E-01-0.232368135E-01-0.267200000E-01
 0.440733597E-01 0.447883453E-01 0.455305089E-01 0.463075564E-01 0.471304629E-01
 0.480140938E-01 0.489572999E-01 0.498057392E-01 0.504765699E-01 0.511727481E-01
 0.519256904E-01 0.527202859E-01 0.535417387E-01 0.543785602E-01 0.552204937E-01
 0.560580972E-01 0.568803886E-01 0.576777788E-01 0.584382892E-01 0.591498315E-01
 0.598008999E-01 0.603794906E-01 0.608740148E-01 0.612735653E-01 0.615664736E-01
 0.617438989E-01 0.617955540E-01 0.617132045E-01 0.614906386E-01 0.611205464E-01
 0.605974691E-01 0.599176623E-01 0.590774245E-01 0.580751343E-01 0.569084487E-01
 0.555777035E-01 0.540839966E-01 0.524277936E-01 0.506108446E-01 0.486367249E-01
 0.465085408E-01 0.442301017E-01 0.418058529E-01 0.392409360E-01 0.365405363E-01
 0.337109806E-01 0.307579503E-01 0.276886503E-01 0.245100419E-01 0.212294170E-01
 0.178551406E-01 0.143960522E-01 0.108601733E-01 0.725837431E-02 0.360087993E-02
-0.102015706E-03-0.383828505E-02-0.759511542E-02-0.113603824E-01-0.151193940E-01
-0.188578211E-01-0.225599806E-01-0.262061103E-01-0.297733036E-01-0.332261945E-01
 0.400613148E-01 0.404745162E-01 0.409076759E-01 0.413712972E-01 0.418723541E-01
 0.424105865E-01 0.429745652E-01 0.435464250E-01 0.441194408E-01 0.447064399E-01
 0.453190734E-01 0.459590075E-01 0.466226339E-01 0.473049749E-01 0.480006526E-01
 0.487028078E-01 0.494026801E-01 0.500909446E-01 0.507556221E-01 0.513843846E-01
 0.519653299E-01 0.524854886E-01 0.529331890E-01 0.532967946E-01 0.535644004E-01
 0.537272401E-01 0.537751939E-01 0.536997270E-01 0.534935093E-01 0.531501862E-01
 0.526634170E-01 0.520287863E-01 0.512426156E-01 0.503017896E-01 0.492045523E-01
 0.479501823E-01 0.465369140E-01 0.449655968E-01 0.432377452E-01 0.413542264E-01
 0.393169243E-01 0.371292983E-01 0.347937921E-01 0.323150570E-01 0.296962540E-01
 0.269422312E-01 0.240582276E-01 0.210499935E-01 0.179236999E-01 0.146857020E-01
 0.113438789E-01 0.790586058E-02 0.438079714E-02 0.777873491E-03-0.289182194E-02
-0.661737190E-02-0.103862352E-01-0.141853165E-01-0.179992895E-01-0.218139964E-01
-0.256133036E-01-0.293807490E-01-0.331014463E-01-0.367620232E-01-0.403566458E-01
 0.360507435E-01 0.361139081E-01 0.362015640E-01 0.363293211E-01 0.365051134E-01
 0.367335374E-01 0.370148421E-01 0.373487331E-01 0.377343977E-01 0.381692699E-01
 0.386454914E-01 0.391499331E-01 0.396737655E-01 0.402183739E-01 0.407887739E-01
 0.413839878E-01 0.419952774E-01 0.426121586E-01 0.432202904E-01 0.438059886E-01
 0.443556837E-01 0.448550196E-01 0.452914304E-01 0.456515640E-01 0.459248129E-01
 0.460998396E-01 0.461677219E-01 0.461187824E-01 0.459460036E-01 0.456428195E-01
 0.452023934E-01 0.446202311E-01 0.438924668E-01 0.430155322E-01 0.419864633E-01
 0.408032583E-01 0.394655174E-01 0.379717703E-01 0.363222574E-01 0.345172753E-01
 0.325582925E-01 0.304460702E-01 0.281836691E-01 0.257720206E-01 0.232156283E-01
 0.205172626E-01 0.176802807E-01 0.147099210E-01 0.116104313E-01 0.838838181E-02
 0.505003061E-02 0.160256281E-02-0.194594507E-02-0.558609356E-02-0.930681505E-02
-0.130973902E-01-0.169442793E-01-0.208324377E-01-0.247461023E-01-0.286686282E-01
-0.325814474E-01-0.364664448E-01-0.403073385E-01-0.440885128E-01-0.477999607E-01
 0.320253051E-01 0.316628681E-01 0.313614123E-01 0.311283159E-01 0.309689287E-01
 0.308897463E-01 0.308969632E-01 0.309973288E-01 0.311981843E-01 0.315050003E-01
 0.319063884E-01 0.323228028E-01 0.326801955E-01 0.330618829E-01 0.335146699E-01
 0.340323036E-01 0.345965329E-01 0.351870805E-01 0.357859060E-01 0.363747433E-01
 0.369374344E-01 0.374571873E-01 0.379199469E-01 0.383121151E-01 0.386220191E-01
 0.388375701E-01 0.389492311E-01 0.389487868E-01 0.388273963E-01 0.385788495E-01
 0.381969898E-01 0.376762331E-01 0.370125165E-01 0.362026871E-01 0.352428262E-01
 0.341310390E-01 0.328652697E-01 0.314442231E-01 0.298663849E-01 0.281322755E-01
 0.262416380E-01 0.241946933E-01 0.219914789E-01 0.196350053E-01 0.171255998E-01
 0.144652089E-01 0.116570627E-01 0.870451157E-02 0.561050949E-02 0.237977588E-02
-0.982647778E-03-0.446948345E-02-0.807426668E-02-0.117875713E-01-0.156006017E-01
-0.195006710E-01-0.234739360E-01-0.275049991E-01-0.315758813E-01-0.356659788E-01
-0.397532945E-01-0.438135252E-01-0.478216187E-01-0.517561491E-01-0.556003213E-01
 0.277947480E-01 0.269827931E-01 0.262782070E-01 0.256696821E-01 0.251597212E-01
 0.247560898E-01 0.244705263E-01 0.243162379E-01 0.243106036E-01 0.244799720E-01
 0.248967259E-01 0.253508908E-01 0.254257759E-01 0.256435265E-01 0.260419813E-01
 0.265517832E-01 0.271347958E-01 0.277630863E-01 0.284121174E-01 0.290595744E-01
 0.296854687E-01 0.302721002E-01 0.308040012E-01 0.312656033E-01 0.316446686E-01
 0.319302573E-01 0.321113635E-01 0.321799238E-01 0.321282355E-01 0.319496258E-01
 0.316377174E-01 0.311881769E-01 0.305959897E-01 0.298581579E-01 0.289706460E-01
 0.279310545E-01 0.267365040E-01 0.253864360E-01 0.238773803E-01 0.222091109E-01
 0.203806993E-01 0.183914952E-01 0.162406373E-01 0.139280046E-01 0.114547717E-01
 0.882057453E-02 0.602704206E-02 0.307569547E-02-0.314703585E-04-0.329120845E-02
-0.670079851E-02-0.102540388E-01-0.139463787E-01-0.177695087E-01-0.217147003E-01
-0.257710483E-01-0.299250532E-01-0.341598632E-01-0.384559924E-01-0.427888558E-01
-0.471300127E-01-0.514470470E-01-0.557005036E-01-0.598471414E-01-0.638384867E-01
 0.230892096E-01 0.219338004E-01 0.208525945E-01 0.198592175E-01 0.189720272E-01
 0.182108310E-01 0.175952549E-01 0.171439464E-01 0.168705335E-01 0.167813576E-01
 0.168613449E-01 0.170625004E-01 0.173458693E-01 0.177336082E-01 0.182423470E-01
 0.188581123E-01 0.195544786E-01 0.203021230E-01 0.210741231E-01 0.218450571E-01
 0.225927021E-01 0.232978638E-01 0.239438643E-01 0.245144050E-01 0.249971602E-01
 0.253807087E-01 0.256564757E-01 0.258152685E-01 0.258504572E-01 0.257559163E-01
 0.255262318E-01 0.251572807E-01 0.246441420E-01 0.239837137E-01 0.231728877E-01
 0.222079489E-01 0.210868029E-01 0.198071792E-01 0.183660304E-01 0.167626065E-01
 0.149938386E-01 0.130586412E-01 0.109552304E-01 0.868223096E-02 0.623791414E-02
 0.362185675E-02 0.833194743E-03-0.212788430E-02-0.526138699E-02-0.856668617E-02
-0.120420539E-01-0.156848643E-01-0.194914614E-01-0.234567588E-01-0.275734768E-01
-0.318334732E-01-0.362240331E-01-0.407300054E-01-0.453307136E-01-0.500010277E-01
-0.547067940E-01-0.594059261E-01-0.640470871E-01-0.685698903E-01-0.728968457E-01
 0.181015399E-01 0.165792409E-01 0.150788837E-01 0.136451455E-01 0.123188031E-01
 0.111388099E-01 0.101397270E-01 0.934933216E-02 0.878710138E-02 0.846366420E-02
 0.837687495E-02 0.851533515E-02 0.886266431E-02 0.940017501E-02 0.101001457E-01
 0.109261436E-01 0.118380335E-01 0.127984555E-01 0.137758480E-01 0.147432046E-01
 0.156771081E-01 0.165556808E-01 0.173616597E-01 0.180799812E-01 0.186988362E-01
 0.192083470E-01 0.196004393E-01 0.198679651E-01 0.200055765E-01 0.200077138E-01
 0.198707799E-01 0.195905139E-01 0.191636517E-01 0.185862664E-01 0.178565857E-01
 0.169701287E-01 0.159253693E-01 0.147183596E-01 0.133475192E-01 0.118093812E-01
 0.101014009E-01 0.822106578E-02 0.616467262E-02 0.392942739E-02 0.151347061E-02
-0.108704672E-02-0.387420860E-02-0.685021658E-02-0.100175549E-01-0.133771889E-01
-0.169315718E-01-0.206802543E-01-0.246217449E-01-0.287557710E-01-0.330770112E-01
-0.375811682E-01-0.422608637E-01-0.471053555E-01-0.520996745E-01-0.572189809E-01
-0.624282262E-01-0.676777190E-01-0.729043365E-01-0.780381336E-01-0.830118190E-01
 0.131102762E-01 0.110551669E-01 0.899711186E-02 0.699252115E-02 0.510379797E-02
 0.339686299E-02 0.192813236E-02 0.742448522E-03-0.129586762E-03-0.667898205E-03
-0.864766221E-03-0.719378834E-03-0.243152955E-03 0.537228143E-03 0.156708004E-02
 0.275579809E-02 0.400974782E-02 0.528479007E-02 0.655764662E-02 0.780119558E-02
 0.898851006E-02 0.100952976E-01 0.111067238E-01 0.120081692E-01 0.127916250E-01
 0.134484771E-01 0.139741081E-01 0.143647610E-01 0.146154494E-01 0.147238185E-01
 0.146871514E-01 0.145024200E-01 0.141661571E-01 0.136773355E-01 0.130323762E-01
 0.122283268E-01 0.112636511E-01 0.101337928E-01 0.883693154E-02 0.736866278E-02
 0.572563677E-02 0.390391854E-02 0.189939604E-02-0.292868324E-03-0.267761523E-02
-0.525829692E-02-0.804092534E-02-0.110293195E-01-0.142297168E-01-0.176461392E-01
-0.212832375E-01-0.251437818E-01-0.292327121E-01-0.335506087E-01-0.380972516E-01
-0.428741021E-01-0.478796203E-01-0.531154310E-01-0.585801593E-01-0.642663533E-01
-0.701457996E-01-0.761615290E-01-0.822239748E-01-0.882052565E-01-0.939804992E-01
 0.817814424E-02 0.542641706E-02 0.263492048E-02-0.151973678E-03-0.282788264E-02
-0.524830753E-02-0.731288012E-02-0.898191374E-02-0.102088807E-01-0.109702551E-01
-0.112639606E-01-0.110622713E-01-0.103630832E-01-0.917470511E-02-0.748119918E-02
-0.542912299E-02-0.383427498E-02-0.217940336E-02-0.503157053E-03 0.111025218E-02
 0.262086267E-02 0.400803475E-02 0.525989329E-02 0.637096414E-02 0.733581804E-02
 0.815307158E-02 0.882111129E-02 0.934017240E-02 0.970886891E-02 0.992687594E-02
 0.999392976E-02 0.990769941E-02 0.966667016E-02 0.926861512E-02 0.871248556E-02
 0.799479372E-02 0.711380783E-02 0.606657893E-02 0.484937860E-02 0.345883297E-02
 0.188895736E-02 0.135398758E-03-0.180883051E-02-0.394930818E-02-0.629158372E-02
-0.884324420E-02-0.116102188E-01-0.146007904E-01-0.178224220E-01-0.212855049E-01
-0.249980018E-01-0.289681503E-01-0.332044206E-01-0.377100579E-01-0.424892601E-01
-0.475447110E-01-0.528808947E-01-0.585069806E-01-0.644547763E-01-0.707942423E-01
-0.775384248E-01-0.846117552E-01-0.919355912E-01-0.993617776E-01-0.106533342E+00
 0.325909938E-02-0.168995624E-03-0.382068974E-02-0.773526423E-02-0.118338030E-01
-0.153383937E-01-0.178849376E-01-0.203173189E-01-0.219631045E-01-0.227467982E-01
-0.234103621E-01-0.230777196E-01-0.219618234E-01-0.206197933E-01-0.180402404E-01
-0.148595137E-01-0.120370137E-01-0.952854837E-02-0.723803020E-02-0.515092551E-02
-0.326276226E-02-0.156756242E-02-0.601537511E-04 0.126481807E-02 0.241168976E-02
 0.338530674E-02 0.419120585E-02 0.483304792E-02 0.531564321E-02 0.564162977E-02
 0.581147791E-02 0.582442343E-02 0.567896775E-02 0.537391984E-02 0.490704358E-02
 0.427810147E-02 0.348456622E-02 0.252535145E-02 0.139712501E-02 0.947596214E-04
-0.138864649E-02-0.306021097E-02-0.492859664E-02-0.700248477E-02-0.928852611E-02
-0.117934538E-01-0.145266212E-01-0.174965227E-01-0.207158128E-01-0.241989391E-01
-0.279649522E-01-0.320293320E-01-0.364036559E-01-0.410931489E-01-0.461022163E-01
-0.514351469E-01-0.570931940E-01-0.630622922E-01-0.691784098E-01-0.762035106E-01
-0.840898388E-01-0.923641916E-01-0.101232801E+00-0.111097213E+00-0.122804193E+00
-0.125469915E-02-0.520227944E-02-0.957903254E-02-0.144792621E-01-0.200459151E-01
-0.252400717E-01-0.273022319E-01-0.316379751E-01-0.335054439E-01-0.332442353E-01
-0.353636297E-01-0.350669917E-01-0.323483678E-01-0.319344977E-01-0.277110492E-01
-0.232197447E-01-0.193941452E-01-0.160869353E-01-0.131972935E-01-0.106600056E-01
-0.842434628E-02-0.644999318E-02-0.471182959E-02-0.319553814E-02-0.189016407E-02
-0.784581246E-03 0.133901091E-03 0.879176082E-03 0.146090810E-02 0.188500411E-02
 0.215430522E-02 0.226667701E-02 0.221843079E-02 0.200585597E-02 0.162603671E-02
 0.108190648E-02 0.376766829E-03-0.489116836E-03-0.151690001E-02-0.271347213E-02
-0.408887702E-02-0.565568140E-02-0.742823482E-02-0.941698419E-02-0.116295156E-01
-0.140696671E-01-0.167447258E-01-0.196620591E-01-0.228341820E-01-0.262823063E-01
-0.300452411E-01-0.341737824E-01-0.386835755E-01-0.435563068E-01-0.487869403E-01
-0.543886244E-01-0.603836884E-01-0.668079201E-01-0.737268581E-01-0.812708174E-01
-0.895173967E-01-0.984561583E-01-0.108116401E+00-0.118425649E+00-0.128577166E+00
-0.474990414E-02-0.908454582E-02-0.139184810E-01-0.193480384E-01-0.264737610E-01
-0.309859527E-01-0.336419827E-01-0.381192077E-01-0.402265932E-01-0.403129277E-01
-0.423122205E-01-0.420094092E-01-0.393815624E-01-0.385388097E-01-0.353345867E-01
-0.292349234E-01-0.249339872E-01-0.211639523E-01-0.178607168E-01-0.150788529E-01
-0.126450137E-01-0.104785775E-01-0.856019983E-02-0.688913006E-02-0.547117617E-02
-0.429220588E-02-0.331372691E-02-0.250662655E-02-0.185341460E-02-0.134434517E-02
-0.976691416E-03-0.753711036E-03-0.689781976E-03-0.811108452E-03-0.112151522E-02
-0.160048297E-02-0.222804262E-02-0.299700900E-02-0.390984076E-02-0.497283868E-02
-0.619988183E-02-0.761663194E-02-0.925986731E-02-0.111520508E-01-0.132848356E-01
-0.156488356E-01-0.182443676E-01-0.210787994E-01-0.241552428E-01-0.274631183E-01
-0.308471098E-01-0.350013116E-01-0.399325436E-01-0.449957399E-01-0.504005302E-01
-0.562027735E-01-0.624494806E-01-0.691916207E-01-0.764873644E-01-0.844024229E-01
-0.930028293E-01-0.102359247E+00-0.112579794E+00-0.123980984E+00-0.136968120E+00
-0.701285918E-02-0.115963466E-01-0.166464065E-01-0.222149934E-01-0.280965066E-01
-0.331344454E-01-0.368571158E-01-0.403058423E-01-0.426730980E-01-0.438805240E-01
-0.448380500E-01-0.444666505E-01-0.430035085E-01-0.411067316E-01-0.375194200E-01
-0.329394226E-01-0.286053941E-01-0.247300616E-01-0.213168659E-01-0.184300145E-01
-0.158926997E-01-0.136103862E-01-0.115351269E-01-0.963269777E-02-0.816210464E-02
-0.710745785E-02-0.617493284E-02-0.535880478E-02-0.466600708E-02-0.409282016E-02
-0.362961046E-02-0.325701445E-02-0.295594285E-02-0.276387237E-02-0.334156778E-02
-0.382534221E-02-0.439150660E-02-0.505967697E-02-0.584030937E-02-0.673765570E-02
-0.774618770E-02-0.885751226E-02-0.100823743E-01-0.121613992E-01-0.142614563E-01
-0.165386482E-01-0.190305792E-01-0.217656002E-01-0.247622524E-01-0.280387349E-01
-0.316433679E-01-0.357539624E-01-0.403849056E-01-0.454134699E-01-0.508438742E-01
-0.567126140E-01-0.630624705E-01-0.699382769E-01-0.773898348E-01-0.854720316E-01
-0.942436878E-01-0.103765540E+00-0.114076193E+00-0.125049754E+00-0.135804696E+00
-0.823710239E-02-0.128084380E-01-0.178172364E-01-0.233941117E-01-0.306532028E-01
-0.352929739E-01-0.380734935E-01-0.426729557E-01-0.449010164E-01-0.451068199E-01
-0.472236589E-01-0.470363358E-01-0.445201980E-01-0.437828197E-01-0.406754809E-01
-0.346627519E-01-0.304438538E-01-0.267643644E-01-0.235364882E-01-0.206983659E-01
-0.181874675E-01-0.159435246E-01-0.139129834E-01-0.120759295E-01-0.106231441E-01
-0.953860320E-02-0.859223595E-02-0.776199690E-02-0.704813885E-02-0.644502686E-02
-0.594437100E-02-0.553146629E-02-0.520190506E-02-0.513316183E-02-0.540214070E-02
-0.577405808E-02-0.622435606E-02-0.676480307E-02-0.740410332E-02-0.814604720E-02
-0.898929410E-02-0.994114192E-02-0.111605473E-01-0.128203301E-01-0.146961739E-01
-0.167701534E-01-0.190807125E-01-0.216611580E-01-0.245431885E-01-0.277591242E-01
-0.313473863E-01-0.353468217E-01-0.397809388E-01-0.446577892E-01-0.499896587E-01
-0.557983787E-01-0.621133580E-01-0.689708688E-01-0.764110819E-01-0.844787674E-01
-0.932265516E-01-0.102718643E+00-0.113065090E+00-0.124580260E+00-0.137667532E+00
-0.859901477E-02-0.128228896E-01-0.174591948E-01-0.226124727E-01-0.284284233E-01
-0.338702901E-01-0.361772658E-01-0.407561525E-01-0.428650072E-01-0.428426878E-01
-0.451990025E-01-0.451373057E-01-0.426497721E-01-0.424581824E-01-0.384371726E-01
-0.341100763E-01-0.303990791E-01-0.271612149E-01-0.243038481E-01-0.217649863E-01
-0.195011953E-01-0.174792602E-01-0.156789520E-01-0.140956322E-01-0.127312608E-01
-0.115711893E-01-0.105843818E-01-0.974121675E-02-0.902559696E-02-0.842791665E-02
-0.794336023E-02-0.757473173E-02-0.733378323E-02-0.723844339E-02-0.729177236E-02
-0.747345648E-02-0.776384950E-02-0.815493847E-02-0.864383024E-02-0.923574293E-02
-0.994341566E-02-0.107913756E-01-0.118187098E-01-0.130589495E-01-0.145343479E-01
-0.162699525E-01-0.182982883E-01-0.206397842E-01-0.233130488E-01-0.263446646E-01
-0.297650943E-01-0.335944638E-01-0.378464005E-01-0.425446917E-01-0.477153511E-01
-0.533770273E-01-0.595489512E-01-0.662651189E-01-0.735623627E-01-0.814675501E-01
-0.900047090E-01-0.992109105E-01-0.109129080E+00-0.119674775E+00-0.130022999E+00
 0.300461364E+00 0.324917492E+00 0.339100599E+00 0.350144289E+00 0.359668848E+00
 0.368304068E+00 0.376363506E+00 0.384029075E+00 0.391419982E+00 0.398618288E+00
 0.405683439E+00 0.412660780E+00 0.419585769E+00 0.426487541E+00 0.433390451E+00
 0.440315436E+00 0.447280889E+00 0.454302979E+00 0.461396973E+00 0.468576931E+00
 0.475855755E+00 0.483246282E+00 0.490761155E+00 0.498411836E+00 0.506210961E+00
 0.514170600E+00 0.522302421E+00 0.530619954E+00 0.539134525E+00 0.547860832E+00
 0.556811393E+00 0.566001269E+00 0.575444879E+00 0.585158046E+00 0.595157331E+00
 0.605459845E+00 0.616084392E+00 0.627050178E+00 0.638378182E+00 0.650090913E+00
 0.662211119E+00 0.674766399E+00 0.687780322E+00 0.701288215E+00 0.715312726E+00
 0.729898384E+00 0.745071644E+00 0.760880992E+00 0.777364277E+00 0.794568101E+00
 0.812550108E+00 0.831348376E+00 0.851042601E+00 0.871678025E+00 0.893335904E+00
 0.916092535E+00 0.940000143E+00 0.965214678E+00 0.991811854E+00 0.101994261E+01
 0.104978200E+01 0.108164311E+01 0.111530031E+01 0.115071034E+01 0.118783161E+01
   89   44
 0.116720742E+01-0.251260729E-01 0.116878990E+01 0.106301375E-04 0.116751578E+01
 0.251832968E-01 0.116366146E+01 0.488411199E-01 0.115765412E+01 0.708352522E-01
 0.114987920E+01 0.910846413E-01 0.114070100E+01 0.109571051E+00 0.113043394E+01
 0.126317354E+00 0.111935488E+01 0.141380554E+00 0.110770401E+01 0.154843234E+00
 0.109567352E+01 0.166791365E+00 0.108342389E+01 0.177314897E+00 0.107110509E+01
 0.186529308E+00 0.105881927E+01 0.194517950E+00 0.104665930E+01 0.201373557E+00
 0.103471550E+01 0.207220346E+00 0.102303587E+01 0.212120960E+00 0.101167057E+01
 0.216161256E+00 0.100066117E+01 0.219433536E+00 0.990040111E+00 0.222040224E+00
 0.979822758E+00 0.224044898E+00 0.970020109E+00 0.225512385E+00 0.960638124E+00
 0.226506686E+00 0.951677747E+00 0.227088185E+00 0.942685405E+00 0.227314671E+00
 0.933200667E+00 0.227168615E+00 0.923213162E+00 0.226588708E+00 0.912716316E+00
 0.225507438E+00 0.901708748E+00 0.223848440E+00 0.890194867E+00 0.221529846E+00
 0.878183131E+00 0.218471642E+00 0.865694401E+00 0.214570674E+00 0.852771771E+00
 0.209693418E+00 0.839471963E+00 0.203711729E+00 0.825857655E+00 0.196513352E+00
 0.812033265E+00 0.187944502E+00 0.798141818E+00 0.177841095E+00 0.784339489E+00
 0.166068692E+00 0.770851412E+00 0.152466747E+00 0.757937196E+00 0.136905102E+00
 0.745883252E+00 0.119291885E+00 0.735049732E+00 0.995516865E-01 0.725830928E+00
 0.776676713E-01 0.718648843E+00 0.536888836E-01 0.713953923E+00 0.277357830E-01
 0.712248134E+00 0.106301375E-04 0.713919498E+00-0.277185376E-01 0.718584169E+00
-0.536825212E-01 0.725731349E+00-0.776806508E-01 0.734902050E+00-0.995982866E-01
 0.745682565E+00-0.119386946E+00 0.757689734E+00-0.137058695E+00 0.770567873E+00
-0.152684540E+00 0.784029184E+00-0.166355362E+00 0.797817275E+00-0.178195730E+00
 0.811706946E+00-0.188362402E+00 0.825542473E+00-0.196984335E+00 0.839176481E+00
-0.204226893E+00 0.852506076E+00-0.210235438E+00 0.865463904E+00-0.215124589E+00
 0.877990257E+00-0.219023695E+00 0.890038100E+00-0.222073408E+00 0.901587991E+00
-0.224368113E+00 0.912628615E+00-0.225993767E+00 0.923154483E+00-0.227034528E+00
 0.933166402E+00-0.227568605E+00 0.942670682E+00-0.227665566E+00 0.951677747E+00
-0.227388044E+00 0.960648664E+00-0.226751828E+00 0.970036841E+00-0.225696830E+00
 0.979840265E+00-0.224162994E+00 0.990051732E+00-0.222086221E+00 0.100065918E+01
-0.219403352E+00 0.101164606E+01-0.216051692E+00 0.102297855E+01-0.211929329E+00
 0.103461396E+01-0.206945687E+00 0.104650174E+01-0.201018262E+00 0.105859355E+01
-0.194086905E+00 0.107079746E+01-0.186027606E+00 0.108302418E+01-0.176755703E+00
 0.109517301E+01-0.166190402E+00 0.110710084E+01-0.154223421E+00 0.111865512E+01
-0.140769320E+00 0.112965449E+01-0.125745350E+00 0.113987775E+01-0.109072619E+00
 0.114906934E+01-0.906912467E-01 0.115692728E+01-0.705640682E-01 0.116318304E+01
-0.487096565E-01 0.116720742E+01-0.251260729E-01
 0.711000000E+02 0.330000000E+01 0.711000000E+02 0.970000000E+01 0.730000000E+02
 0.161000000E+02 0.768000000E+02 0.226000000E+02 0.805000000E+02 0.291000000E+02
 0.843000000E+02 0.356000000E+02 0.880000000E+02 0.422000000E+02 0.935000000E+02
 0.455000000E+02 0.100500000E+03 0.455000000E+02 0.104500000E+03 0.480000000E+02
 0.105600000E+03 0.531000000E+02 0.108100000E+03 0.538000000E+02 0.112100000E+03
 0.499000000E+02 0.117100000E+03 0.485000000E+02 0.123000000E+03 0.496000000E+02
 0.125300000E+03 0.462000000E+02 0.124700000E+03 0.384000000E+02 0.124700000E+03
 0.297000000E+02 0.125400000E+03 0.222000000E+02 0.126600000E+03 0.174000000E+02
 0.127900000E+03 0.125000000E+02 0.128500000E+03 0.510000000E+01 0.128500000E+03
-0.520000000E+01 0.127800000E+03-0.128000000E+02 0.126500000E+03-0.176000000E+02
 0.125300000E+03-0.223000000E+02 0.124700000E+03-0.284000000E+02 0.124700000E+03
-0.359000000E+02 0.124700000E+03-0.419000000E+02 0.124900000E+03-0.470000000E+02
 0.122200000E+03-0.493000000E+02 0.116700000E+03-0.484000000E+02 0.112000000E+03
-0.500000000E+02 0.107900000E+03-0.541000000E+02 0.104800000E+03-0.508000000E+02
 0.100000000E+03-0.455000000E+02 0.931000000E+02-0.455000000E+02 0.881000000E+02
-0.423000000E+02 0.837000000E+02-0.347000000E+02 0.787000000E+02-0.260000000E+02
 0.737000000E+02-0.173000000E+02 0.711000000E+02-0.910000000E+01 0.711000000E+02
-0.270000000E+01 0.711000000E+02 0.330000000E+01
